0.0125	0
0.025	0
0.0375	0
0.05	0
0.0625	0
0.075	0
0.0875	0
0.1	0
0.1125	0
0.125	0
0.1375	0
0.15	0
0.1625	0
0.175	0
0.1875	0
0.2	0
0.2125	0
0.225	0
0.2375	0
0.25	0
0.2625	0
0.275	0
0.2875	0
0.3	0
0.3125	0
0.325	0
0.3375	0
0.35	0
0.3625	0
0.375	0
0.3875	0
0.4	0
0.4125	0
0.425	0
0.4375	0
0.45	0
0.4625	0
0.475	0
0.4875	0
0.5	0
0.5125	0
0.525	0
0.5375	-0.100329364578037
0.55	-0.30276304331941
0.5625	-0.517401205981086
0.575	-0.595910602390127
0.5875	-0.638267699585941
0.6	-0.674925082398043
0.6125	-0.789119419104694
0.625	-0.852237871180548
0.6375	-0.854150432210031
0.65	-0.855321793591164
0.6625	-0.862573090653519
0.675	-0.870959654346246
0.6875	-0.877950391960791
0.7	-0.891171476268011
0.7125	-0.911157958065824
0.725	-0.930464397679078
0.7375	-0.937617338750457
0.75	-0.937609019248641
0.7625	-0.935716367839741
0.775	-0.943192026209191
0.7875	-1.02694883097168
0.8	-1.80918798438073
0.8125	-1.84201679986805
0.825	-1.86698474885126
0.8375	-1.93097231300141
0.85	-1.96351948145189
0.8625	-2.03480647562634
0.875	-2.08629300663899
0.8875	-2.09290177956208
0.9	-2.10221400073139
0.9125	-2.10753695034582
0.925	-2.11172572871863
0.9375	-2.11814370448709
0.95	-2.12508070598614
0.9625	-2.13258577530364
0.975	-2.13707041303029
0.9875	-2.14338014132705
1	-2.1492386981103
1.0125	-2.15198305190957
1.025	-2.31478360996069
1.0375	-2.72530505972388
1.05	-2.75319484307535
1.0625	-3.32657301818583
1.075	-3.36374131833109
1.0875	-3.40818639644015
1.1	-3.6839056248138
1.1125	-3.83129857657887
1.125	-3.84607560900851
1.1375	-3.86569556353228
1.15	-3.8739104141932
1.1625	-3.87531410374725
1.175	-3.87777573823138
1.1875	-3.88215258072711
1.2	-3.888010906467
1.2125	-3.89386102652292
1.225	-3.90292287299029
1.2375	-3.91411999198959
1.25	-3.92323288093422
1.2625	-3.93599314681347
1.275	-4.06436573448425
1.2875	-4.46240300236691
1.3	-4.64555512547901
1.3125	-4.85818801626955
1.325	-4.94873747603981
1.3375	-5.04816233146988
1.35	-5.07105047949107
1.3625	-5.12202939067703
1.375	-5.12656336487711
1.3875	-5.12606987118413
1.4	-5.12534762753312
1.4125	-5.12902135324495
1.425	-5.13876760431105
1.4375	-5.15424651706794
1.45	-5.15432373332172
1.4625	-5.15826096903778
1.475	-5.16261911248156
1.4875	-5.16831210769609
1.5	-5.16782352826844
1.5125	-5.30640468813138
1.525	-5.32463774476535
1.5375	-5.56064537602114
1.55	-5.65556742174257
1.5625	-5.68863268113909
1.575	-5.71556812550932
1.5875	-5.78789168490883
1.6	-5.90472895876239
1.6125	-6.01927959637874
1.625	-6.05514419558006
1.6375	-6.07182996568015
1.65	-6.111230047976
1.6625	-6.15878010365431
1.675	-6.17063018645197
1.6875	-6.18419440764047
1.7	-6.19788677637646
1.7125	-6.22011203146261
1.725	-6.2291950703014
1.7375	-6.2425216767648
1.75	-6.26112626277532
1.7625	-6.34599834179456
1.775	-6.36409182348021
1.7875	-6.49041996300135
1.8	-6.51788114403418
1.8125	-6.53570692529796
1.825	-6.58320055343054
1.8375	-6.60973963085314
1.85	-6.62361432629188
1.8625	-6.6374178456694
1.875	-6.65008342423758
1.8875	-6.65574662826518
1.9	-6.65882182632306
1.9125	-6.66633579716633
1.925	-6.67187627493738
1.9375	-6.67647987049835
1.95	-6.68049853560638
1.9625	-6.6842538210245
1.975	-6.68819873015727
1.9875	-6.69387624942694
2	-6.70109237786528
2.0125	-6.73578329947609
2.025	-6.85633609482067
2.0375	-6.89017065828023
2.05	-6.90792517993834
2.0625	-6.94226617115592
2.075	-7.02132142231574
2.0875	-7.06259612085939
2.1	-7.11642797115133
2.1125	-7.13958494134859
2.125	-7.1517147077742
2.1375	-7.16230641583289
2.15	-7.16711566455686
2.1625	-7.17141773213175
2.175	-7.17474776441428
2.1875	-7.17708509861601
2.2	-7.1812635384429
2.2125	-7.18434877030523
2.225	-7.18641847419888
2.2375	-7.18872729077717
2.25	-7.19074321314008
2.2625	-7.19642049310326
2.275	-7.26669881845513
2.2875	-7.28227555079705
2.3	-7.29546763801532
2.3125	-7.30246522507436
2.325	-7.31158338938089
2.3375	-7.31809564186148
2.35	-7.32137057025714
2.3625	-7.32457064034971
2.375	-7.3271182323725
2.3875	-7.32996309692956
2.4	-7.33525956398926
2.4125	-7.34007856507757
2.425	-7.34284724146564
2.4375	-7.3452317167674
2.45	-7.34817666773682
2.4625	-7.3507768192936
2.475	-7.35238709281066
2.4875	-7.35576435577145
2.5	-7.35972331403577
2.5125	-7.36532760177997
2.525	-7.53981301864656
2.5375	-7.59603891984419
2.55	-7.63305535764243
2.5625	-7.63398230082883
2.575	-7.64554116047442
2.5875	-7.66424327427031
2.6	-7.6763038908322
2.6125	-7.68328308042848
2.625	-7.69707005490192
2.6375	-7.72177800979712
2.65	-7.7411161782929
2.6625	-7.74616211341629
2.675	-7.74002674487375
2.6875	-7.73832092746605
2.7	-7.74516570183097
2.7125	-7.75284652714103
2.725	-7.75925911714571
2.7375	-7.77108700683069
2.75	-7.79152043016121
2.7625	-7.86787093590055
2.775	-7.91497534434288
2.7875	-7.92414925528458
2.8	-7.9400949372283
2.8125	-7.95540003673125
2.825	-7.96752017988574
2.8375	-7.97287950561728
2.85	-7.97575114546296
2.8625	-7.98182979922606
2.875	-7.98280779363384
2.8875	-7.98252496145709
2.9	-7.98256898258537
2.9125	-7.98336888448956
2.925	-7.98513388312071
2.9375	-7.98669763431659
2.95	-7.99100862441669
2.9625	-7.99570086857479
2.975	-7.99972259673618
2.9875	-8.00230155798347
3	-8.00403449267855
3.0125	-8.04099037128123
3.025	-8.11893394635874
3.0375	-8.1475098580436
3.05	-8.15269022849892
3.0625	-8.16389036322151
3.075	-8.18110640134481
3.0875	-8.20653666015727
3.1	-8.21041268688998
3.1125	-8.21397524973629
3.125	-8.21633046351125
3.1375	-8.21730505865012
3.15	-8.22019905687067
3.1625	-8.22204976459606
3.175	-8.22292985212145
3.1875	-8.22604961930436
3.2	-8.2292005776498
3.2125	-8.23223607304707
3.225	-8.234630827939
3.2375	-8.23674688488643
3.25	-8.238730408596
3.2625	-8.29374282251926
3.275	-8.46189234516912
3.2875	-8.48988900659761
3.3	-8.50928413177113
3.3125	-8.52940710606689
3.325	-8.53895538982361
3.3375	-8.54830595670596
3.35	-8.55085805153834
3.3625	-8.55345724537295
3.375	-8.55587341081531
3.3875	-8.55858876655866
3.4	-8.5615614566683
3.4125	-8.56490709757444
3.425	-8.56556343527816
3.4375	-8.564540777764
3.45	-8.56260071403492
3.4625	-8.56251518709518
3.475	-8.56418302773566
3.4875	-8.5663780248852
3.5	-8.56833910537618
3.5125	-8.65384788043526
3.525	-8.69973484322991
3.5375	-8.71177544162691
3.55	-8.72316537481572
3.5625	-8.72780613738166
3.575	-8.7378178992324
3.5875	-8.74800393507541
3.6	-8.75295099618221
3.6125	-8.75886718914963
3.625	-8.76600026069878
3.6375	-8.77407222034017
3.65	-8.78363033726444
3.6625	-8.78995154993706
3.675	-8.79353807541118
3.6875	-8.79590741022815
3.7	-8.80196818491031
3.7125	-8.80960461005064
3.725	-8.82583373489476
3.7375	-8.83586677097586
3.75	-8.84476581812523
3.7625	-8.90876389286659
3.775	-8.95189130532328
3.7875	-8.95789746294901
3.8	-8.96285574575234
3.8125	-8.96778809496531
3.825	-8.97084221235852
3.8375	-8.97392315430456
3.85	-8.97558604999871
3.8625	-8.978435426227
3.875	-8.98024542468896
3.8875	-8.98267072911592
3.9	-8.98380739794895
3.9125	-8.98536496850172
3.925	-8.98742975489128
3.9375	-8.99192733140442
3.95	-8.99470704652484
3.9625	-8.99610781791596
3.975	-8.99715356773009
3.9875	-8.99926922553232
4	-9.00171270743836
4.0125	-9.04758229191739
4.025	-9.08287225396314
4.0375	-9.08508709004804
4.05	-9.0941895447014
4.0625	-9.0947626741604
4.075	-9.09568868371441
4.0875	-9.09761858288409
4.1	-9.10084446010163
4.1125	-9.10183633378842
4.125	-9.10202599248433
4.1375	-9.10286281669192
4.15	-9.10340349098846
4.1625	-9.10392547049872
4.175	-9.10459302616951
4.1875	-9.10575846219723
4.2	-9.10669260840613
4.2125	-9.10873663026824
4.225	-9.11374189250726
4.2375	-9.1160261659887
4.25	-9.14316228673495
4.2625	-9.24146102803112
4.275	-9.2522404202678
4.2875	-9.2518771698716
4.3	-9.25442705634455
4.3125	-9.2565426910349
4.325	-9.25920536475438
4.3375	-9.26002990557016
4.35	-9.26102353383903
4.3625	-9.2621643169623
4.375	-9.26312842850073
4.3875	-9.26357586904559
4.4	-9.26373887557759
4.4125	-9.26351593808206
4.425	-9.26307851374118
4.4375	-9.2643000522286
4.45	-9.2659935048472
4.4625	-9.26753941576089
4.475	-9.26884675825314
4.4875	-9.27012097640998
4.5	-9.29699622144005
4.5125	-9.40077073677148
4.525	-9.45142476680846
4.5375	-9.46870425456478
4.55	-9.49706051704331
4.5625	-9.52844232205963
4.575	-9.5474502785823
4.5875	-9.55618418771938
4.6	-9.55162253470752
4.6125	-9.53515429050034
4.625	-9.51629143308363
4.6375	-9.50703313820605
4.65	-9.50925666976219
4.6625	-9.52692606528147
4.675	-9.54350043496394
4.6875	-9.5539071393361
4.7	-9.56057981550314
4.7125	-9.55559993095965
4.725	-9.54400854971896
4.7375	-9.53219589611457
4.75	-9.55830022573974
4.7625	-9.56808680814097
4.775	-9.58679455168726
4.7875	-9.61049622136252
4.8	-9.62055539172735
4.8125	-9.62389775042678
4.825	-9.62553981023403
4.8375	-9.62735223204485
4.85	-9.6285899663221
4.8625	-9.6288979502282
4.875	-9.62961499364074
4.8875	-9.6325598350768
4.9	-9.64529029516867
4.9125	-9.64920707178966
4.925	-9.65214856148102
4.9375	-9.65389839752824
4.95	-9.65573257092216
4.9625	-9.65676672531698
4.975	-9.6580855285619
4.9875	-9.65996419657758
5	-9.72442102984013
5.0125	-9.75478864853842
5.025	-9.76752311808903
5.0375	-9.76672783372103
5.05	-9.76869849862787
5.0625	-9.77234888617018
5.075	-9.7733878044473
5.0875	-9.7741595854229
5.1	-9.77462428371212
5.1125	-9.77661242990584
5.125	-9.77708008338845
5.1375	-9.77690217242859
5.15	-9.77726702946945
5.1625	-9.77903842409907
5.175	-9.77995244445981
5.1875	-9.78016937947474
5.2	-9.78085067045652
5.2125	-9.78189490547066
5.225	-9.7834181960269
5.2375	-9.78646732123908
5.25	-9.91503150105798
5.2625	-9.94396912606583
5.275	-9.95452813606447
5.2875	-9.95843726346805
5.3	-9.96628907388477
5.3125	-9.96952588249209
5.325	-9.97158163541263
5.3375	-9.97529572065203
5.35	-9.97536509521363
5.3625	-9.97547667972482
5.375	-9.9754232911317
5.3875	-9.97487817275784
5.4	-9.97566850919341
5.4125	-9.97740661602993
5.425	-9.97814989591847
5.4375	-9.97871297332165
5.45	-9.98000311637355
5.4625	-9.98110368310702
5.475	-9.98077175617839
5.4875	-9.98034194120301
5.5	-10.0253600588367
5.5125	-10.0460630995665
5.525	-10.0564290756358
5.5375	-10.0685718844946
5.55	-10.0768162285
5.5625	-10.0854781394113
5.575	-10.0927798808648
5.5875	-10.1028837544662
5.6	-10.1140386820763
5.6125	-10.125073639491
5.625	-10.1414798355671
5.6375	-10.1661304621376
5.65	-10.1862777685676
5.6625	-10.205774456876
5.675	-10.2242895266814
5.6875	-10.2391866289902
5.7	-10.2515985127852
5.7125	-10.2599226987788
5.725	-10.2645518085559
5.7375	-10.2691516870487
5.75	-10.3105781744138
5.7625	-10.3439301165133
5.775	-10.3684568065059
5.7875	-10.3862067790539
5.8	-10.4009992975574
5.8125	-10.4140482024167
5.825	-10.4258960910232
5.8375	-10.4417724344825
5.85	-10.4573874512898
5.8625	-10.473338003993
5.875	-10.4867210544617
5.8875	-10.4991186312057
5.9	-10.5076931337982
5.9125	-10.5186418921846
5.925	-10.5282600077872
5.9375	-10.5383930117585
5.95	-10.5532216008421
5.9625	-10.5658670534764
5.975	-10.5727433976473
5.9875	-10.5817299170612
6	-10.6057956823518
6.0125	-10.6229807208405
6.025	-10.639799379446
6.0375	-10.6471994452374
6.05	-10.6557372451301
6.0625	-10.6700845518917
6.075	-10.6844723550055
6.0875	-10.6959426753304
6.1	-10.7088644888336
6.1125	-10.7208019639166
6.125	-10.7344721877285
6.1375	-10.7451786560113
6.15	-10.755593343155
6.1625	-10.7634961916085
6.175	-10.7731156136503
6.1875	-10.7868504285668
6.2	-10.8045907686469
6.2125	-10.8154902341068
6.225	-10.8255348070317
6.2375	-10.8694676948901
6.25	-10.9160277879666
6.2625	-10.9229033312053
6.275	-10.9272746500335
6.2875	-10.9296451814932
6.3	-10.9345375815924
6.3125	-10.9358677468522
6.325	-10.9360723216235
6.3375	-10.9358577279327
6.35	-10.936271843664
6.3625	-10.9375442860441
6.375	-10.9395717839622
6.3875	-10.9407243522253
6.4	-10.9414531133314
6.4125	-10.9439523367141
6.425	-10.9452841133183
6.4375	-10.9478131486372
6.45	-10.9510183006299
6.4625	-10.9537791313535
6.475	-10.9566017737634
6.4875	-10.9705264852629
6.5	-11.004552873
6.5125	-11.0713182878804
6.525	-11.0712047603074
6.5375	-11.0691345139855
6.55	-11.0738370071993
6.5625	-11.0806487899911
6.575	-11.0933787283514
6.5875	-11.1019310816956
6.6	-11.1100874024214
6.6125	-11.1159421689194
6.625	-11.1170073043109
6.6375	-11.113278869928
6.65	-11.1106494092899
6.6625	-11.1109962167798
6.675	-11.1165078209218
6.6875	-11.125589432686
6.7	-11.1383060170632
6.7125	-11.1447360295507
6.725	-11.1528980210566
6.7375	-11.1732944977955
6.75	-11.1846405261126
6.7625	-11.2009467399323
6.775	-11.2029314594206
6.7875	-11.2126143854288
6.8	-11.214003709383
6.8125	-11.2162566207495
6.825	-11.2180860267819
6.8375	-11.2204682775904
6.85	-11.222418841724
6.8625	-11.2255936018652
6.875	-11.2246422536689
6.8875	-11.2274162603931
6.9	-11.2317362890734
6.9125	-11.2338908475822
6.925	-11.2368382406954
6.9375	-11.2435667202378
6.95	-11.2486598352966
6.9625	-11.2531344049496
6.975	-11.27605052008
6.9875	-11.3227631526485
7	-11.3345346039865
7.0125	-11.3402100556914
7.025	-11.3418771094437
7.0375	-11.3458092754932
7.05	-11.3502124150496
7.0625	-11.3530214569852
7.075	-11.3559714212739
7.0875	-11.3592347445518
7.1	-11.3646362590828
7.1125	-11.3690170349106
7.125	-11.3712528262184
7.1375	-11.3730068615543
7.15	-11.3765531656051
7.1625	-11.3803171600535
7.175	-11.3845461564958
7.1875	-11.3887571357175
7.2	-11.3914544676618
7.2125	-11.41195555284
7.225	-11.5196022828924
7.2375	-11.5302404731033
7.25	-11.5292744698725
7.2625	-11.5323772280845
7.275	-11.5371106128942
7.2875	-11.5399394395195
7.3	-11.5428710389713
7.3125	-11.5464569991616
7.325	-11.5472647270233
7.3375	-11.5477560609194
7.35	-11.5489156805195
7.3625	-11.5506556844144
7.375	-11.5521684272877
7.3875	-11.5534016460966
7.4	-11.555063648815
7.4125	-11.5567107504889
7.425	-11.5596092764112
7.4375	-11.5606021122125
7.45	-11.561102164582
7.4625	-11.5616996113796
7.475	-11.6464582898978
7.4875	-11.7125435934186
7.5	-11.7203861325859
7.5125	-11.7211690129047
7.525	-11.7247895092152
7.5375	-11.7320149769848
7.55	-11.7346223071052
7.5625	-11.7368334699082
7.575	-11.7381910266506
7.5875	-11.7419970330322
7.6	-11.7489458636978
7.6125	-11.7568542521249
7.625	-11.7758735935447
7.6375	-11.7979667793318
7.65	-11.8173682157029
7.6625	-11.8270672746604
7.675	-11.8422978005397
7.6875	-11.8520101819722
7.7	-11.8613882063323
7.7125	-11.8795259037392
7.725	-11.906248075866
7.7375	-11.9182509329279
7.75	-11.9211986217142
7.7625	-11.9233899377921
7.775	-11.923607647122
7.7875	-11.9262474648643
7.8	-11.9278227456591
7.8125	-11.9301664918706
7.825	-11.9325145565743
7.8375	-11.9343762275824
7.85	-11.9358808947114
7.8625	-11.9374447457918
7.875	-11.9393523173337
7.8875	-11.9429552284053
7.9	-11.9470119453649
7.9125	-11.952298093086
7.925	-11.9625336533692
7.9375	-11.9677387040434
7.95	-11.9815991778544
7.9625	-11.9991197725356
7.975	-12.0846798638742
7.9875	-12.4723064736734
8	-12.60545225853
8.0125	-12.8178101018333
8.025	-12.8946353516489
8.0375	-12.9367220248182
8.05	-13.0141486595376
8.0625	-13.0448603520514
8.075	-13.0550841010327
8.0875	-13.0579262889066
8.1	-13.0691103770473
8.1125	-13.080879167401
8.125	-13.0886933649428
8.1375	-13.0948541641194
8.15	-13.099613395204
8.1625	-13.1050871511234
8.175	-13.1090227408026
8.1875	-13.1107217506805
8.2	-13.1133884354408
8.2125	-13.1242319222603
8.225	-13.1624917016408
8.2375	-13.1835292265736
8.25	-13.2057256545435
8.2625	-13.2114652695053
8.275	-13.2190261503249
8.2875	-13.2217657995839
8.3	-13.2232166164568
8.3125	-13.2248407014261
8.325	-13.2226460479189
8.3375	-13.2239117595961
8.35	-13.2210323687491
8.3625	-13.2178912030879
8.375	-13.2156873009658
8.3875	-13.2151750110721
8.4	-13.2168145031312
8.4125	-13.2252604556301
8.425	-13.2302882985611
8.4375	-13.2317718262867
8.45	-13.2348987718552
8.4625	-13.6898292204263
8.475	-13.8603450019832
8.4875	-13.9967613723409
8.5	-14.0712185700147
8.5125	-14.1336554211063
8.525	-14.2000872599123
8.5375	-14.2630696931812
8.55	-14.3269289340887
8.5625	-14.4113624755814
8.575	-14.4820113245067
8.5875	-14.5893114473708
8.6	-14.6852650156978
8.6125	-14.780747641188
8.625	-14.8524358748854
8.6375	-14.9188615891255
8.65	-14.9506202453578
8.6625	-14.9942626376647
8.675	-15.0177317361903
8.6875	-15.0489765281326
8.7	-15.0921034822246
8.7125	-15.1333238015654
8.725	-15.2035263498811
8.7375	-15.2271858201813
8.75	-15.2481236315528
8.7625	-15.259630368653
8.775	-15.270547492707
8.7875	-15.2789264718225
8.8	-15.2854999232402
8.8125	-15.2893639556857
8.825	-15.2939636003414
8.8375	-15.2955153745012
8.85	-15.2971573819159
8.8625	-15.2995163014422
8.875	-15.3029864778573
8.8875	-15.3096175983891
8.9	-15.321067147948
8.9125	-15.3304973756964
8.925	-15.3367287724404
8.9375	-15.3419752011348
8.95	-15.3496892067604
8.9625	-15.4006840412852
8.975	-15.4775149340995
8.9875	-15.5211741615916
9	-15.55809601331
9.0125	-15.5936988374874
9.025	-15.6089359448129
9.0375	-15.6228514529296
9.05	-15.6321517606097
9.0625	-15.6421788512062
9.075	-15.6472463499538
9.0875	-15.6506331214012
9.1	-15.6549393181891
9.1125	-15.6577532574647
9.125	-15.6615876334606
9.1375	-15.6670342378088
9.15	-15.6720641779473
9.1625	-15.6742066391425
9.175	-15.6760684080703
9.1875	-15.6792707790148
9.2	-15.759250195139
9.2125	-15.870144960204
9.225	-15.9002089912725
9.2375	-15.9126933920086
9.25	-15.9279853297905
9.2625	-15.9404279073919
9.275	-15.9395199645507
9.2875	-15.9578283712061
9.3	-15.9568492716737
9.3125	-15.9593589358446
9.325	-15.9620038837542
9.3375	-15.9683161099274
9.35	-15.9721570205515
9.3625	-15.9762602605911
9.375	-15.9821068231708
9.3875	-15.9869331416165
9.4	-15.9888220519021
9.4125	-15.9950259626383
9.425	-15.9917988502917
9.4375	-15.9972015438374
9.45	-16.0030782072933
9.4625	-16.0155553502436
9.475	-16.0250548304558
9.4875	-16.0333132209498
9.5	-16.0396407047473
9.5125	-16.0456178047892
9.525	-16.049984457504
9.5375	-16.0544835090083
9.55	-16.0559139614233
9.5625	-16.0569577122603
9.575	-16.0584604861041
9.5875	-16.0604603259694
9.6	-16.0636610034269
9.6125	-16.0658383290069
9.625	-16.0677951327159
9.6375	-16.071391912195
9.65	-16.0742909516961
9.6625	-16.077387542882
9.675	-16.0811310102754
9.6875	-16.0852248733769
9.7	-16.0988064785889
9.7125	-16.1260774852555
9.725	-16.1357369699879
9.7375	-16.1398984759872
9.75	-16.1430052397598
9.7625	-16.1457145778823
9.775	-16.1491203233543
9.7875	-16.1535044529639
9.8	-16.1575561534838
9.8125	-16.1628148136325
9.825	-16.169424778377
9.8375	-16.1739381124612
9.85	-16.178548456502
9.8625	-16.1826587771498
9.875	-16.1862211858352
9.8875	-16.1898102164228
9.9	-16.1945580684558
9.9125	-16.2005860932936
9.925	-16.2063822591123
9.9375	-16.2159390076592
9.95	-16.2317130529922
9.9625	-16.2529307340184
9.975	-16.2737366638384
9.9875	-16.3036793609758
10	-16.335230879626
10.0125	-16.3786968004521
10.025	-16.4170856155706
10.0375	-16.4547131021694
10.05	-16.4817526422817
10.0625	-16.5045449850772
10.075	-16.5302277318401
10.0875	-16.5585524166689
10.1	-16.584665224343
10.1125	-16.6194121417755
10.125	-16.6861951133802
10.1375	-16.7662176815801
10.15	-16.8272773231209
10.1625	-16.8712852921695
10.175	-16.954781247377
10.1875	-17.0842359848456
10.2	-17.0751397861773
10.2125	-17.0973479397929
10.225	-17.1031960645961
10.2375	-17.1182265429837
10.25	-17.1271968582758
10.2625	-17.1439209138911
10.275	-17.1575450762044
10.2875	-17.1664731634058
10.3	-17.1829231136615
10.3125	-17.1887663865175
10.325	-17.1934708636222
10.3375	-17.197182443026
10.35	-17.1998781689779
10.3625	-17.2103078359954
10.375	-17.2099075698478
10.3875	-17.2153270675129
10.4	-17.2192251345548
10.4125	-17.2216553908766
10.425	-17.2348527443218
10.4375	-17.2661333712855
10.45	-17.3095771189211
10.4625	-17.4245759199654
10.475	-17.5414606851998
10.4875	-17.6138688095522
10.5	-17.6474382071634
10.5125	-17.6694821338346
10.525	-17.6859121390269
10.5375	-17.7133871212458
10.55	-17.7276990453377
10.5625	-17.7515705853789
10.575	-17.7804196915714
10.5875	-17.8006029407187
10.6	-17.820102986941
10.6125	-17.8386493079644
10.625	-17.8706586829486
10.6375	-17.9057903854722
10.65	-17.9400379003595
10.6625	-17.9879464572343
10.675	-18.0453477245616
10.6875	-18.1078480500482
10.7	-18.1528771706799
10.7125	-18.2110610462257
10.725	-18.2888170138718
10.7375	-18.3405285108413
10.75	-18.385036478272
10.7625	-18.4328913531249
10.775	-18.4920319701629
10.7875	-18.5509455364507
10.8	-18.5976146573736
10.8125	-18.6345658642764
10.825	-18.6789962743766
10.8375	-18.7113704575974
10.85	-18.7464830997171
10.8625	-18.7673677724313
10.875	-18.7914639095101
10.8875	-18.8172208405841
10.9	-18.8402534933233
10.9125	-18.8644594577837
10.925	-18.9280732212741
10.9375	-18.9583128743342
10.95	-19.021009754854
10.9625	-19.0652321946783
10.975	-19.1051092763762
10.9875	-19.1616501276934
11	-19.1933546261475
11.0125	-19.2376568211324
11.025	-19.2583693033807
11.0375	-19.2905431747361
11.05	-19.3189794197892
11.0625	-19.3364541270505
11.075	-19.3583125610502
11.0875	-19.3859859778603
11.1	-19.4177575107634
11.1125	-19.4674846178689
11.125	-19.5251408237354
11.1375	-19.568628914087
11.15	-19.6010035704535
11.1625	-19.6222691799594
11.175	-19.6692200281413
11.1875	-19.6896089304679
11.2	-19.7063127367248
11.2125	-19.7363917543893
11.225	-19.7610510787913
11.2375	-19.7805506146558
11.25	-19.8113772036772
11.2625	-19.8461561945152
11.275	-19.8681520848053
11.2875	-19.8914212188885
11.3	-19.9099133198283
11.3125	-19.9355778730837
11.325	-19.9558842943032
11.3375	-19.9713218298534
11.35	-19.9818341347391
11.3625	-20.0025048692471
11.375	-20.0106608754981
11.3875	-20.0289033919997
11.4	-20.0455274847788
11.4125	-20.0601087358659
11.425	-20.0784868204451
11.4375	-20.0888283513284
11.45	-20.094743809251
11.4625	-20.0992202358957
11.475	-20.1059742481002
11.4875	-20.1193143774355
11.5	-20.1260982322862
11.5125	-20.1301674626772
11.525	-20.1358320501247
11.5375	-20.1406820750983
11.55	-20.147759723254
11.5625	-20.153473797857
11.575	-20.159999253031
11.5875	-20.1685928974629
11.6	-20.1786325006371
11.6125	-20.188628830452
11.625	-20.1955744271222
11.6375	-20.2034343284102
11.65	-20.2110775060927
11.6625	-20.2179024716113
11.675	-20.227429329706
11.6875	-20.2370858954431
11.7	-20.2421702650676
11.7125	-20.2426026476535
11.725	-20.2463509557855
11.7375	-20.2540392130047
11.75	-20.2596244982346
11.7625	-20.2675608794839
11.775	-20.2762144938625
11.7875	-20.2847577401985
11.8	-20.2968184325153
11.8125	-20.3034190445252
11.825	-20.3074529171008
11.8375	-20.3091614260656
11.85	-20.3116694892927
11.8625	-20.3109631464534
11.875	-20.3143558224043
11.8875	-20.3199483492973
11.9	-20.3245523496691
11.9125	-20.3333499418024
11.925	-20.3452967246447
11.9375	-20.3817012556087
11.95	-20.4277083208682
11.9625	-20.4358996590799
11.975	-20.44280141997
11.9875	-20.449156382084
12	-20.4629812661434
12.0125	-20.4716960162616
12.025	-20.4790413510656
12.0375	-20.483748945504
12.05	-20.4914960546446
12.0625	-20.4971229541864
12.075	-20.5027144116615
12.0875	-20.5101473049132
12.1	-20.5270542307718
12.1125	-20.545843068269
12.125	-20.5752483682318
12.1375	-20.6092003659422
12.15	-20.670584106931
12.1625	-20.7037503147614
12.175	-20.7369137273011
12.1875	-20.7481879102148
12.2	-20.7626658780939
12.2125	-20.773400703285
12.225	-20.7862227307082
12.2375	-20.7988841064809
12.25	-20.8085096677857
12.2625	-20.8186094929685
12.275	-20.8251314422662
12.2875	-20.8306880773107
12.3	-20.8364066695084
12.3125	-20.8468700854089
12.325	-20.857455578161
12.3375	-20.8672751406658
12.35	-20.87457276349
12.3625	-20.884697452077
12.375	-20.8957906707017
12.3875	-20.9076374566092
12.4	-21.0856933437982
12.4125	-21.1629837715086
12.425	-21.1908519862028
12.4375	-21.2070582713214
12.45	-21.2200007572479
12.4625	-21.2306721043134
12.475	-21.2445378922746
12.4875	-21.2581828002117
12.5	-21.2763758327501
12.5125	-21.2876269349485
12.525	-21.2986879896433
12.5375	-21.3001790878143
12.55	-21.3047360248656
12.5625	-21.3108238148838
12.575	-21.3148034454252
12.5875	-21.3189223758059
12.6	-21.3248954365763
12.6125	-21.3368401754483
12.625	-21.3483617853647
12.6375	-21.357610369561
12.65	-21.3906982840607
12.6625	-21.4291571521439
12.675	-21.4618617618489
12.6875	-21.4793733401934
12.7	-21.4933741215213
12.7125	-21.5141012105718
12.725	-21.5337065108535
12.7375	-21.5577263737557
12.75	-21.584079381233
12.7625	-21.608478648522
12.775	-21.6325774985127
12.7875	-21.654690826793
12.8	-21.6769653795768
12.8125	-21.7035497219115
12.825	-21.7222700082884
12.8375	-21.7467154697407
12.85	-21.7723477999217
12.8625	-21.8034284620926
12.875	-21.8292249337183
12.8875	-21.868201192881
12.9	-21.8971979118335
12.9125	-21.9018871775377
12.925	-21.9158382573152
12.9375	-21.9225180886267
12.95	-21.9318531143478
12.9625	-21.9378057854703
12.975	-21.9422854304415
12.9875	-21.9481855970964
13	-21.9550096987757
13.0125	-21.9622002001949
13.025	-21.97114236127
13.0375	-21.9825120780843
13.05	-21.9888583885895
13.0625	-21.9926860696032
13.075	-21.9948012639616
13.0875	-22.0009282851732
13.1	-22.0053302215729
13.1125	-22.0093696141135
13.125	-22.0106242916521
13.1375	-22.0139333164662
13.15	-22.0761895749255
13.1625	-22.1545731497009
13.175	-22.1598276373863
13.1875	-22.1672490881395
13.2	-22.1835799790501
13.2125	-22.2078551323055
13.225	-22.2219439818761
13.2375	-22.2343377091205
13.25	-22.2425765554056
13.2625	-22.2525417497381
13.275	-22.2635192741108
13.2875	-22.2740122621732
13.3	-22.2866970763696
13.3125	-22.2988806773358
13.325	-22.3060134618601
13.3375	-22.3140319228326
13.35	-22.3192646757755
13.3625	-22.3270217470547
13.375	-22.3335432151285
13.3875	-22.3309244677773
13.4	-22.3368221541177
13.4125	-22.3432718876777
13.425	-22.3513953454552
13.4375	-22.3553112726255
13.45	-22.365714520085
13.4625	-22.3800384996674
13.475	-22.3824527681277
13.4875	-22.3877839532992
13.5	-22.4016267110812
13.5125	-22.4129908676626
13.525	-22.4182620091624
13.5375	-22.4189844861056
13.55	-22.4203816333152
13.5625	-22.4222443075076
13.575	-22.4229376674625
13.5875	-22.4253178240018
13.6	-22.4265636161265
13.6125	-22.4281202803822
13.625	-22.4308030512766
13.6375	-22.4332304543768
13.65	-22.4483642109712
13.6625	-22.4569578383406
13.675	-22.4641919709448
13.6875	-22.4784038687469
13.7	-22.4943751938293
13.7125	-22.5026280746461
13.725	-22.5098497066198
13.7375	-22.5234837090023
13.75	-22.5327655297158
13.7625	-22.5398124667632
13.775	-22.5448471880452
13.7875	-22.546670134255
13.8	-22.5487699120306
13.8125	-22.5525932030761
13.825	-22.5531223560085
13.8375	-22.5542137342891
13.85	-22.5552848786604
13.8625	-22.5577670621301
13.875	-22.5592407117637
13.8875	-22.5573624518527
13.9	-22.5718857384285
13.9125	-22.6051802796353
13.925	-22.6610859347796
13.9375	-22.7086097389294
13.95	-22.750354224716
13.9625	-22.7767951171769
13.975	-22.7876284668791
13.9875	-22.7936583656595
14	-22.7959230479268
14.0125	-22.8011742861649
14.025	-22.8060910716206
14.0375	-22.8170194974528
14.05	-22.827452107936
14.0625	-22.8367975438612
14.075	-22.8417606958152
14.0875	-22.8418280408099
14.1	-22.8421065312123
14.1125	-22.8383262723286
14.125	-22.8421576433614
14.1375	-22.8589416812184
14.15	-22.8562169073745
14.1625	-22.8609029627537
14.175	-22.866662013182
14.1875	-22.8768622157101
14.2	-22.8858536282686
14.2125	-22.8916018584619
14.225	-22.8980924955683
14.2375	-22.9044801197681
14.25	-22.910526514795
14.2625	-22.9175235726818
14.275	-22.924679199875
14.2875	-22.9336060212192
14.3	-22.9423427027116
14.3125	-22.9521890171212
14.325	-22.9671135492288
14.3375	-22.977392345726
14.35	-22.9878945795636
14.3625	-22.9949463344646
14.375	-23.026068107215
14.3875	-23.0324474138497
14.4	-23.0441705823684
14.4125	-23.0600297394969
14.425	-23.0726951844714
14.4375	-23.0872727307922
14.45	-23.0996184906524
14.4625	-23.1142463290214
14.475	-23.1250759931949
14.4875	-23.1332965013009
14.5	-23.1398565292619
14.5125	-23.1384378243938
14.525	-23.1454434625239
14.5375	-23.1515778075551
14.55	-23.1514649641854
14.5625	-23.1492999803111
14.575	-23.1540001737137
14.5875	-23.155527298375
14.6	-23.1594235487537
14.6125	-23.1593237075798
14.625	-23.1625649903147
14.6375	-23.1763065321258
14.65	-23.1827840224813
14.6625	-23.1770051738732
14.675	-23.17516066117
14.6875	-23.1728538339387
14.7	-23.1814009284615
14.7125	-23.1873467611942
14.725	-23.1958399406044
14.7375	-23.1991237653946
14.75	-23.20130705699
14.7625	-23.2079463071917
14.775	-23.2154483576994
14.7875	-23.2180961721041
14.8	-23.2254582009626
14.8125	-23.237436140497
14.825	-23.2533408692211
14.8375	-23.2694821407314
14.85	-23.2914104049171
14.8625	-23.3152172407284
14.875	-23.3469761560062
14.8875	-23.3531273028724
14.9	-23.3678846051863
14.9125	-23.3779691071903
14.925	-23.3951847015613
14.9375	-23.4116761408548
14.95	-23.4237174313197
14.9625	-23.4286536376457
14.975	-23.433695032599
14.9875	-23.4390449081637
15	-23.4417016708268
15.0125	-23.4452567912247
15.025	-23.449011914564
15.0375	-23.4543355457084
15.05	-23.4674215447425
15.0625	-23.4814904219893
15.075	-23.4990906922995
15.0875	-23.5286385019313
15.1	-23.558790478359
15.1125	-23.5824812472137
15.125	-23.6005779316983
15.1375	-23.6047097122587
15.15	-23.6102429740062
15.1625	-23.6100297877176
15.175	-23.6090233052019
15.1875	-23.6154968988821
15.2	-23.6195852341126
15.2125	-23.6193400091265
15.225	-23.6176300434717
15.2375	-23.6176862904437
15.25	-23.6186660167129
15.2625	-23.6241667384502
15.275	-23.628674851967
15.2875	-23.6320794719907
15.3	-23.6392121254519
15.3125	-23.6434224788439
15.325	-23.6471576528501
15.3375	-23.6486565717077
15.35	-23.6503301877527
15.3625	-23.6637553588399
15.375	-23.6619694968262
15.3875	-23.6650519666125
15.4	-23.6698468104161
15.4125	-23.6742832137784
15.425	-23.6795735512567
15.4375	-23.6818752274303
15.45	-23.6842162278238
15.4625	-23.6860297786444
15.475	-23.693113818146
15.4875	-23.6956363486441
15.5	-23.7003730627497
15.5125	-23.7047732081092
15.525	-23.7112047260996
15.5375	-23.7148551237501
15.55	-23.719934086997
15.5625	-23.7248805917711
15.575	-23.7279499286718
15.5875	-23.7300525699922
15.6	-23.7302295179336
15.6125	-23.7357635065014
15.625	-23.7436161547134
15.6375	-23.7478895989926
15.65	-23.7507884832524
15.6625	-23.7525682731849
15.675	-23.7550615308537
15.6875	-23.7562373054538
15.7	-23.7581391648264
15.7125	-23.7577362431779
15.725	-23.7619022227873
15.7375	-23.7654889237625
15.75	-23.7636054317384
15.7625	-23.7630796720702
15.775	-23.7649819881585
15.7875	-23.7644755063238
15.8	-23.765216225076
15.8125	-23.7659023273092
15.825	-23.7646699596055
15.8375	-23.7644955598767
15.85	-23.763724316872
15.8625	-23.7705748974752
15.875	-23.7720256307067
15.8875	-23.7915715665999
15.9	-23.810588443436
15.9125	-23.8322328538189
15.925	-23.847147742615
15.9375	-23.8658455056675
15.95	-23.8895161849544
15.9625	-23.9048800481417
15.975	-23.9134620897406
15.9875	-23.9236356081239
16	-23.934980245755
16.0125	-23.9413989580959
16.025	-23.9512307266975
16.0375	-23.9616883519153
16.05	-23.9714001711467
16.0625	-23.9755536976796
16.075	-23.9842578590079
16.0875	-23.9929593271247
16.1	-24.0015824529402
16.1125	-24.0081389523463
16.125	-24.0082461877091
16.1375	-24.0199504695035
16.15	-24.0321511431027
16.1625	-24.0609172275457
16.175	-24.0741217831697
16.1875	-24.0776283460291
16.2	-24.0820911763065
16.2125	-24.0829959502637
16.225	-24.0869201193722
16.2375	-24.1169070362521
16.25	-24.1649992897686
16.2625	-24.2105492652603
16.275	-24.231954491036
16.2875	-24.2369452409474
16.3	-24.2462228887955
16.3125	-24.2523348521667
16.325	-24.2519792296041
16.3375	-24.2551906621069
16.35	-24.2532750249759
16.3625	-24.2556645284502
16.375	-24.2582687739595
16.3875	-24.2689913791619
16.4	-24.3131553235538
16.4125	-24.3338600992234
16.425	-24.3439441582342
16.4375	-24.3599910733586
16.45	-24.3686323319603
16.4625	-24.3799555878656
16.475	-24.3993765860628
16.4875	-24.410236672537
16.5	-24.4290778612837
16.5125	-24.446503511332
16.525	-24.4634104575908
16.5375	-24.48521304471
16.55	-24.5070098006297
16.5625	-24.5350042171479
16.575	-24.5813709318266
16.5875	-24.6408592262252
16.6	-24.6829156977811
16.6125	-24.7120255813243
16.625	-24.7348590147642
16.6375	-24.7490300762968
16.65	-24.7609469602476
16.6625	-24.7731171421211
16.675	-24.7890760081648
16.6875	-24.801360701967
16.7	-24.8153002935779
16.7125	-24.82644045049
16.725	-24.8423230886292
16.7375	-24.8529163623941
16.75	-24.8643596531479
16.7625	-24.8774025441201
16.775	-24.8907472882182
16.7875	-24.9019302620365
16.8	-24.9140834091737
16.8125	-24.9245054050875
16.825	-24.9346991355916
16.8375	-24.9369894008246
16.85	-24.9485005050212
16.8625	-24.9622993589589
16.875	-24.9816516929593
16.8875	-24.9961404219599
16.9	-25.0056380421585
16.9125	-25.0253649733915
16.925	-25.0470757596489
16.9375	-25.0554425494452
16.95	-25.0591327130536
16.9625	-25.0650383932079
16.975	-25.0693323566794
16.9875	-25.0735331784016
17	-25.0788407396367
17.0125	-25.0802904363559
17.025	-25.0845475624749
17.0375	-25.0912041539519
17.05	-25.1003603402967
17.0625	-25.1094149161047
17.075	-25.1170888799249
17.0875	-25.1260737258637
17.1	-25.1716461899721
17.1125	-25.1798016765243
17.125	-25.1726323643565
17.1375	-25.1778023877233
17.15	-25.1795858542437
17.1625	-25.1819859329672
17.175	-25.1832486607408
17.1875	-25.1844266992891
17.2	-25.1857844360126
17.2125	-25.1862500821437
17.225	-25.1849679604134
17.2375	-25.1909668969457
17.25	-25.1922295272367
17.2625	-25.2008973024345
17.275	-25.2069762153544
17.2875	-25.2105817022977
17.3	-25.2157241356839
17.3125	-25.221226077219
17.325	-25.2250614986398
17.3375	-25.211702649121
17.35	-25.2171692210386
17.3625	-25.2220711224855
17.375	-25.2357466949287
17.3875	-25.2386755445512
17.4	-25.2433248425372
17.4125	-25.2451692658236
17.425	-25.2491873752462
17.4375	-25.2535807472894
17.45	-25.2594926372762
17.4625	-25.2599123205166
17.475	-25.2652188493821
17.4875	-25.2671803802021
17.5	-25.2667619191786
17.5125	-25.2671677946377
17.525	-25.2762549069141
17.5375	-25.2793515298571
17.55	-25.2864058152508
17.5625	-25.2930893677781
17.575	-25.2984333250952
17.5875	-25.3088849359779
17.6	-25.316829494814
17.6125	-25.3186371246957
17.625	-25.3222968414561
17.6375	-25.3258512441408
17.65	-25.3302860127415
17.6625	-25.3331371328627
17.675	-25.334219472271
17.6875	-25.3338374373127
17.7	-25.3358853095653
17.7125	-25.3377489028311
17.725	-25.3365504788443
17.7375	-25.3400152397564
17.75	-25.3449833281097
17.7625	-25.3477682911683
17.775	-25.3482109203799
17.7875	-25.3502291310117
17.8	-25.3504897021453
17.8125	-25.3521092077599
17.825	-25.3525747945435
17.8375	-25.355222573027
17.85	-25.3580939169671
17.8625	-25.3786538978802
17.875	-25.3930606956522
17.8875	-25.4621572016503
17.9	-25.4896546297178
17.9125	-25.4999171384422
17.925	-25.5059676540238
17.9375	-25.5162270676906
17.95	-25.5209046784728
17.9625	-25.5294069135264
17.975	-25.533327809621
17.9875	-25.5346513335034
18	-25.5411406086335
18.0125	-25.549860007357
18.025	-25.560696295884
18.0375	-25.5733318421351
18.05	-25.580072245488
18.0625	-25.5854770535483
18.075	-25.5938606143986
18.0875	-25.6084169618102
18.1	-25.6116492804183
18.1125	-25.6141147942233
18.125	-25.620721528015
18.1375	-25.6246106100296
18.15	-25.6295942011242
18.1625	-25.6315109304434
18.175	-25.6328455521417
18.1875	-25.6364949055599
18.2	-25.6398312663669
18.2125	-25.6438699524571
18.225	-25.6468198376937
18.2375	-25.6503733923767
18.25	-25.6514530570073
18.2625	-25.6582597290898
18.275	-25.6594615513542
18.2875	-25.6604466469093
18.3	-25.6792947755166
18.3125	-25.6765787452051
18.325	-25.6520085045812
18.3375	-25.6664611193895
18.35	-25.683102939025
18.3625	-25.6907118364253
18.375	-25.711003318026
18.3875	-25.7098531525721
18.4	-25.7185206860926
18.4125	-25.7240320911912
18.425	-25.7247954348483
18.4375	-25.7218364916448
18.45	-25.7265045542812
18.4625	-25.7289563680232
18.475	-25.7336145858027
18.4875	-25.740310004034
18.5	-25.7499777018224
18.5125	-25.757842487587
18.525	-25.7670695486886
18.5375	-25.7735542996546
18.55	-25.7824721059173
18.5625	-25.7923916635164
18.575	-25.8088009881799
18.5875	-25.8183313302349
18.6	-25.8235992898831
18.6125	-25.8296763704678
18.625	-25.829765756695
18.6375	-25.8386158930952
18.65	-25.8391805464083
18.6625	-25.8458421847072
18.675	-25.8442135515793
18.6875	-25.8467695011331
18.7	-25.850935060162
18.7125	-25.8544359552101
18.725	-25.8636690982557
18.7375	-25.8681291626742
18.75	-25.8697246999056
18.7625	-25.8738340183857
18.775	-25.8797557614447
18.7875	-25.8854640114081
18.8	-25.8901402668566
18.8125	-25.8948727932289
18.825	-25.906859799073
18.8375	-25.9162886299473
18.85	-25.9203159839853
18.8625	-25.9276219897019
18.875	-25.9468108653749
18.8875	-25.9612660193685
18.9	-25.9938034616835
18.9125	-26.011508868615
18.925	-26.0170329259718
18.9375	-26.0242945200335
18.95	-26.0314034363243
18.9625	-26.0307980687491
18.975	-26.0382232880581
18.9875	-26.0448215189604
19	-26.0531631558382
19.0125	-26.0589352181246
19.025	-26.0645387253087
19.0375	-26.0692379393304
19.05	-26.0700981082388
19.0625	-26.0792777052153
19.075	-26.0876459605894
19.0875	-26.0888436942059
19.1	-26.0985436523539
19.1125	-26.1069963920039
19.125	-26.0973761881508
19.1375	-26.1095790037215
19.15	-26.1469061629198
19.1625	-26.1618619909433
19.175	-26.179274465742
19.1875	-26.1991208653924
19.2	-26.2077789366014
19.2125	-26.2189642477614
19.225	-26.2286107271197
19.2375	-26.2455400550899
19.25	-26.2569029420746
19.2625	-26.2730078110536
19.275	-26.2835660416961
19.2875	-26.2905246873184
19.3	-26.306784566022
19.3125	-26.3364664169697
19.325	-26.3531989544094
19.3375	-26.3618184467204
19.35	-26.3666598811681
19.3625	-26.380038641834
19.375	-26.4014639799755
19.3875	-26.4185584820313
19.4	-26.4313051515024
19.4125	-26.4411608983648
19.425	-26.4523024927172
19.4375	-26.461598286798
19.45	-26.4744138903482
19.4625	-26.4821381124626
19.475	-26.4903999762079
19.4875	-26.5008283317199
19.5	-26.5069876776589
19.5125	-26.5125255734009
19.525	-26.5149317004195
19.5375	-26.5131901048639
19.55	-26.5182781513028
19.5625	-26.5315702241863
19.575	-26.5406450202693
19.5875	-26.5416923561834
19.6	-26.5451552595522
19.6125	-26.5430256814757
19.625	-26.5438132955198
19.6375	-26.5449911071455
19.65	-26.5464282888773
19.6625	-26.5476280816257
19.675	-26.5450613221123
19.6875	-26.5472243955194
19.7	-26.5440644643962
19.7125	-26.541556697209
19.725	-26.5390728283063
19.7375	-26.537385054612
19.75	-26.5366716391673
19.7625	-26.5343347862883
19.775	-26.5366861685573
19.7875	-26.5380955773625
19.8	-26.5374360521775
19.8125	-26.543925857504
19.825	-26.5742783173319
19.8375	-26.5801702693885
19.85	-26.5892473491261
19.8625	-26.5978167532539
19.875	-26.6145913669219
19.8875	-26.632443179189
19.9	-26.6349812535477
19.9125	-26.6387568897564
19.925	-26.642714424412
19.9375	-26.6468983431538
19.95	-26.6584735907073
19.9625	-26.6648579984662
19.975	-26.6739353512236
19.9875	-26.6868199103332
20	-26.7096491434124
20.0125	-26.7303639285822
20.025	-26.7387587983927
20.0375	-26.7498517447664
20.05	-26.7666627018557
20.0625	-26.7795730355491
20.075	-26.7858446052987
20.0875	-26.7887740527453
20.1	-26.7935248641843
20.1125	-26.7886472698336
20.125	-26.7891304298037
20.1375	-26.7931749857175
20.15	-26.8025971907647
20.1625	-26.7993477793066
20.175	-26.8008807299481
20.1875	-26.8099382452725
20.2	-26.8130773139717
20.2125	-26.818376077581
20.225	-26.8222983913285
20.2375	-26.8259566263517
20.25	-26.8321101633266
20.2625	-26.8400870254737
20.275	-26.8488178710081
20.2875	-26.8538955297334
20.3	-26.8483715118582
20.3125	-26.848904106587
20.325	-26.8087090343319
20.3375	-26.8134798896895
20.35	-26.8194044815664
20.3625	-26.8202129786461
20.375	-26.8467712225825
20.3875	-26.8548516615393
20.4	-26.8601880894429
20.4125	-26.8642674620997
20.425	-26.8655103490414
20.4375	-26.8585232814679
20.45	-26.8586322829919
20.4625	-26.8567649477957
20.475	-26.8554140451888
20.4875	-26.8560586199224
20.5	-26.8609162302667
20.5125	-26.8578817267932
20.525	-26.8563911877392
20.5375	-26.8626413903164
20.55	-26.8808356842606
20.5625	-26.8978257223189
20.575	-26.9055908608877
20.5875	-26.9119344605758
20.6	-26.9164098568148
20.6125	-26.9254061624312
20.625	-26.9285150488275
20.6375	-26.9337845469302
20.65	-26.9359810223645
20.6625	-26.9412682921916
20.675	-26.944164962014
20.6875	-26.9424953013171
20.7	-26.944079305461
20.7125	-26.9467756857483
20.725	-26.948828900653
20.7375	-26.9515967962805
20.75	-26.9547883487158
20.7625	-26.95493185593
20.775	-26.955953323079
20.7875	-26.9582761799733
20.8	-26.9684729291698
20.8125	-26.9784996143957
20.825	-26.9836269178701
20.8375	-26.9849911119114
20.85	-26.9891293141482
20.8625	-26.9983090954216
20.875	-27.0006684299904
20.8875	-27.0029145735953
20.9	-27.0050152352652
20.9125	-27.0051980318996
20.925	-27.0086946236954
20.9375	-27.0112738185619
20.95	-27.0150717690336
20.9625	-27.0164577519857
20.975	-27.0216536172584
20.9875	-27.0266366593071
21	-27.0289670436661
21.0125	-27.0299591840092
21.025	-27.0291560583672
21.0375	-27.0417620341997
21.05	-27.0435860640169
21.0625	-27.0451005448653
21.075	-27.0442380574683
21.0875	-27.0549822123234
21.1	-27.0622307248858
21.1125	-27.0662725090429
21.125	-27.0658357380312
21.1375	-27.0737012301867
21.15	-27.071456253037
21.1625	-27.0749714089511
21.175	-27.0797789339277
21.1875	-27.0791543019238
21.2	-27.0808364758081
21.2125	-27.082466127533
21.225	-27.0819794529271
21.2375	-27.0811756554358
21.25	-27.0814055162969
21.2625	-27.0827158808922
21.275	-27.0883885211408
21.2875	-27.0567720638266
21.3	-27.0626557652608
21.3125	-27.0980853232664
21.325	-27.1041802631873
21.3375	-27.1112788373439
21.35	-27.1154247635859
21.3625	-27.1223277136559
21.375	-27.1224981132094
21.3875	-27.120011240063
21.4	-27.1228274883007
21.4125	-27.1250560165108
21.425	-27.1245826262537
21.4375	-27.1260344477412
21.45	-27.1261584858684
21.4625	-27.1335065814041
21.475	-27.1383942439789
21.4875	-27.1401227310919
21.5	-27.138888623755
21.5125	-27.1415587240106
21.525	-27.1466498053951
21.5375	-27.1557038133904
21.55	-27.1575999598465
21.5625	-27.1594204480403
21.575	-27.1621165905766
21.5875	-27.1613426412349
21.6	-27.1617738200833
21.6125	-27.1656376172798
21.625	-27.165540000667
21.6375	-27.1653948547805
21.65	-27.168678277696
21.6625	-27.1735933276892
21.675	-27.17825281441
21.6875	-27.1778290895518
21.7	-27.1738717581192
21.7125	-27.1720519280527
21.725	-27.1763296464619
21.7375	-27.1777115648282
21.75	-27.1789118952989
21.7625	-27.183813198605
21.775	-27.19210773619
21.7875	-27.2041032259247
21.8	-27.2084812023397
21.8125	-27.2079640198461
21.825	-27.2051986814989
21.8375	-27.2109857510271
21.85	-27.2131115687931
21.8625	-27.2178901175844
21.875	-27.2218852267292
21.8875	-27.226679278203
21.9	-27.2243387765457
21.9125	-27.229166632016
21.925	-27.2294724827382
21.9375	-27.2271284414027
21.95	-27.232235045486
21.9625	-27.2315488506463
21.975	-27.2383425874072
21.9875	-27.2394135614849
22	-27.2457022034429
22.0125	-27.2523040008556
22.025	-27.2580336036815
22.0375	-27.2643653283175
22.05	-27.2660847370762
22.0625	-27.2711650591864
22.075	-27.2781609533628
22.0875	-27.287952666102
22.1	-27.3025653109923
22.1125	-27.3095058063732
22.125	-27.3167545426429
22.1375	-27.3214370927716
22.15	-27.3035924743374
22.1625	-27.3189928204722
22.175	-27.3246095516849
22.1875	-27.325967598627
22.2	-27.3589661303119
22.2125	-27.3814067561395
22.225	-27.4010723532053
22.2375	-27.4102631803133
22.25	-27.4149992563678
22.2625	-27.4118090495737
22.275	-27.4065829080327
22.2875	-27.4335680479515
22.3	-27.4361408986394
22.3125	-27.4406102557347
22.325	-27.4535709892849
22.3375	-27.4658004665905
22.35	-27.479318323642
22.3625	-27.4832234838261
22.375	-27.5058051558702
22.3875	-27.5204843457015
22.4	-27.5302537457108
22.4125	-27.5384347664843
22.425	-27.5374182266526
22.4375	-27.5517437751704
22.45	-27.5598052927991
22.4625	-27.5663191738683
22.475	-27.5781900108282
22.4875	-27.580838670227
22.5	-27.5880259955826
22.5125	-27.5984512930498
22.525	-27.6178614241566
22.5375	-27.6331294066062
22.55	-27.6664470214083
22.5625	-27.7120596888002
22.575	-27.7321755153956
22.5875	-27.7541959226951
22.6	-27.7828385543647
22.6125	-27.8104367155203
22.625	-27.8335142246895
22.6375	-27.8558968968071
22.65	-27.8731795632771
22.6625	-27.8881523814194
22.675	-27.9047692685982
22.6875	-27.9232916903053
22.7	-27.9317383073685
22.7125	-27.9558573713642
22.725	-27.9733058001118
22.7375	-27.9905937595307
22.75	-28.0027444368783
22.7625	-28.0077071532816
22.775	-28.0336488165365
22.7875	-28.0717086405991
22.8	-28.090740524002
22.8125	-28.1007745084777
22.825	-28.1205539276336
22.8375	-28.1315369996018
22.85	-28.1347196224274
22.8625	-28.1388365746687
22.875	-28.1461802379714
22.8875	-28.1560422995843
22.9	-28.1607532914156
22.9125	-28.1648423253997
22.925	-28.1656260481878
22.9375	-28.1664721246302
22.95	-28.1714241121265
22.9625	-28.1757680806962
22.975	-28.1775344339385
22.9875	-28.1809618091407
23	-28.1864086588138
23.0125	-28.1945720569684
23.025	-28.2213583494864
23.0375	-28.2151216735668
23.05	-28.2319241482978
23.0625	-28.2361889181337
23.075	-28.2596772093224
23.0875	-28.27053148267
23.1	-28.2821510197126
23.1125	-28.2940362156849
23.125	-28.3051610831585
23.1375	-28.3133729342915
23.15	-28.3239849939464
23.1625	-28.3270557456904
23.175	-28.3312188169427
23.1875	-28.3435179467831
23.2	-28.3440343483469
23.2125	-28.3495114732232
23.225	-28.3457417077964
23.2375	-28.3504965324976
23.25	-28.3427365339962
23.2625	-28.3167214737507
23.275	-28.3280583807262
23.2875	-28.3434859517347
23.3	-28.3644318981733
23.3125	-28.3813698283657
23.325	-28.3933840536959
23.3375	-28.402927072026
23.35	-28.4081952454032
23.3625	-28.4155923683096
23.375	-28.4269059301399
23.3875	-28.4360920224722
23.4	-28.4473455333067
23.4125	-28.4535147561924
23.425	-28.4585387845164
23.4375	-28.4647131149381
23.45	-28.4681364462398
23.4625	-28.4729647830695
23.475	-28.4770691407739
23.4875	-28.4807069991116
23.5	-28.4778632030377
23.5125	-28.4908918996261
23.525	-28.4977413899728
23.5375	-28.5033963044704
23.55	-28.5041983094601
23.5625	-28.5073165455025
23.575	-28.5060988628405
23.5875	-28.5089318133053
23.6	-28.5146944443131
23.6125	-28.5201485963784
23.625	-28.5125297589209
23.6375	-28.5175773564229
23.65	-28.5206372485529
23.6625	-28.523005226152
23.675	-28.5234986336721
23.6875	-28.5241006634354
23.7	-28.5270693144809
23.7125	-28.5261786402223
23.725	-28.5273944980496
23.7375	-28.5311491711416
23.75	-28.5315510708766
23.7625	-28.5404551884596
23.775	-28.5489200535135
23.7875	-28.5526085429686
23.8	-28.5531482705496
23.8125	-28.5600563911792
23.825	-28.5654013604066
23.8375	-28.568495252572
23.85	-28.5710350175007
23.8625	-28.5748347896046
23.875	-28.5738062289526
23.8875	-28.5736809589932
23.9	-28.5735155889885
23.9125	-28.5691951613863
23.925	-28.5682311518044
23.9375	-28.5663262431399
23.95	-28.5665452659466
23.9625	-28.5678895875483
23.975	-28.5684194149617
23.9875	-28.5731749663788
24	-28.5890352984165
24.0125	-28.5973807271043
24.025	-28.608290034407
24.0375	-28.6184393967184
24.05	-28.6217910494395
24.0625	-28.627040598607
24.075	-28.6386645767891
24.0875	-28.6433628901911
24.1	-28.6472201772826
24.1125	-28.6491942577067
24.125	-28.6530972245982
24.1375	-28.6532467968423
24.15	-28.6578528983035
24.1625	-28.6594008691728
24.175	-28.6617625284056
24.1875	-28.6648396444015
24.2	-28.6684074831754
24.2125	-28.6702492385445
24.225	-28.6702384743149
24.2375	-28.6786509039352
24.25	-28.6739715107577
24.2625	-28.6275211902764
24.275	-28.6481588538989
24.2875	-28.6680466835055
24.3	-28.6738725150216
24.3125	-28.6863348318423
24.325	-28.6965753175625
24.3375	-28.6977854205027
24.35	-28.69471291768
24.3625	-28.6981217645791
24.375	-28.7045241668438
24.3875	-28.699566390314
24.4	-28.7012203020395
24.4125	-28.7111268771448
24.425	-28.7067938220055
24.4375	-28.710732115367
24.45	-28.7128165639772
24.4625	-28.7153703536035
24.475	-28.7210543208558
24.4875	-28.7224097496892
24.5	-28.7499125406544
24.5125	-28.7727742688464
24.525	-28.7814794807275
24.5375	-28.7722234472561
24.55	-28.7636845459638
24.5625	-28.7673659448367
24.575	-28.7697908255607
24.5875	-28.7859178289144
24.6	-28.7896590595993
24.6125	-28.794564674601
24.625	-28.798433205181
24.6375	-28.8002477561913
24.65	-28.805950915575
24.6625	-28.8087163508116
24.675	-28.8122923926613
24.6875	-28.8186552130591
24.7	-28.8261942288741
24.7125	-28.8290221995796
24.725	-28.8356656305232
24.7375	-28.8383048384028
24.75	-28.8598130549191
24.7625	-28.8538519350731
24.775	-28.8731884198351
24.7875	-28.8890039323557
24.8	-28.8952266640681
24.8125	-28.9021647580395
24.825	-28.9088134328483
24.8375	-28.9137643590534
24.85	-28.9196507529215
24.8625	-28.9265203136076
24.875	-28.9330624694257
24.8875	-28.9391613781038
24.9	-28.9420519292205
24.9125	-28.9419525070668
24.925	-28.9464375849216
24.9375	-28.9515131251957
24.95	-28.9588908725848
24.9625	-28.9603206954237
24.975	-28.9646572349555
24.9875	-28.9721319345412
25	-29.0192126515587
25.0125	-29.0180449526355
25.025	-29.0210854838707
25.0375	-29.0358066886592
25.05	-29.044253340081
25.0625	-29.0408429226666
25.075	-29.0385301242592
25.0875	-29.0375138117199
25.1	-29.0405372116027
25.1125	-29.0455126033753
25.125	-29.045874615165
25.1375	-29.0492842399265
25.15	-29.0489580814579
25.1625	-29.0523302500774
25.175	-29.0581326637057
25.1875	-29.0652463676732
25.2	-29.068186537771
25.2125	-29.0725185691769
25.225	-29.0777744937201
25.2375	-29.0905144680594
25.25	-29.0988293774667
25.2625	-29.0909027578022
25.275	-29.104105725874
25.2875	-29.1183693493472
25.3	-29.1387208883249
25.3125	-29.1461243359197
25.325	-29.1519378080103
25.3375	-29.1544076792004
25.35	-29.1569509901278
25.3625	-29.1569092470113
25.375	-29.1638037733285
25.3875	-29.1648884213501
25.4	-29.1655332512818
25.4125	-29.1654569644197
25.425	-29.1648238975299
25.4375	-29.1660002370397
25.45	-29.1678793910833
25.4625	-29.1626010113964
25.475	-29.1644800020064
25.4875	-29.1895459370104
25.5	-29.224009198795
25.5125	-29.2534896077021
25.525	-29.25632345582
25.5375	-29.2621055597319
25.55	-29.2731301758918
25.5625	-29.2728124912199
25.575	-29.2820563173044
25.5875	-29.2876926964009
25.6	-29.2965679904518
25.6125	-29.2995129303436
25.625	-29.3048481664184
25.6375	-29.3091953656138
25.65	-29.3091923893813
25.6625	-29.3075058957716
25.675	-29.315346159416
25.6875	-29.3099439158788
25.7	-29.3123107782193
25.7125	-29.3169124152293
25.725	-29.3239396537697
25.7375	-29.329009909976
25.75	-29.3466848208141
25.7625	-29.3552473714956
25.775	-29.3528640962727
25.7875	-29.3537390988057
25.8	-29.3642262303808
25.8125	-29.3612693126565
25.825	-29.3621401677693
25.8375	-29.3618069004611
25.85	-29.3615996725913
25.8625	-29.3653168069747
25.875	-29.3592478891823
25.8875	-29.3656124517912
25.9	-29.3664667884257
25.9125	-29.3657985017337
25.925	-29.3645365255899
25.9375	-29.3605601600434
25.95	-29.3628453580778
25.9625	-29.3645430392513
25.975	-29.3723238359814
25.9875	-29.3832468182709
26	-29.3996096520142
26.0125	-29.4038482172304
26.025	-29.4124821062498
26.0375	-29.4182145323316
26.05	-29.427343729411
26.0625	-29.4349401917288
26.075	-29.4457093198713
26.0875	-29.444236600361
26.1	-29.4498997220622
26.1125	-29.4626407913783
26.125	-29.4705443542663
26.1375	-29.4789682676261
26.15	-29.485518357562
26.1625	-29.4886845469728
26.175	-29.4970982520509
26.1875	-29.5012392706317
26.2	-29.5017148754063
26.2125	-29.5038270489348
26.225	-29.5146238080703
26.2375	-29.5095354869044
26.25	-29.4085047285741
26.2625	-29.445214302515
26.275	-29.4525538151113
26.2875	-29.4866917094319
26.3	-29.4869482812497
26.3125	-29.497200809309
26.325	-29.4969508241277
26.3375	-29.4954332731941
26.35	-29.4963200274848
26.3625	-29.5020921040223
26.375	-29.5113655267999
26.3875	-29.5223352173258
26.4	-29.5268540060465
26.4125	-29.5362925963882
26.425	-29.5401393884259
26.4375	-29.5494349844134
26.45	-29.5512792984881
26.4625	-29.5631010127454
26.475	-29.5741443679145
26.4875	-29.592287973523
26.5	-29.5987454444395
26.5125	-29.5976960971766
26.525	-29.5943294346132
26.5375	-29.5948844170987
26.55	-29.6021290377164
26.5625	-29.6019325587804
26.575	-29.6014165838308
26.5875	-29.6025750412794
26.6	-29.6044492030318
26.6125	-29.6035645763773
26.625	-29.6025656284349
26.6375	-29.602881224435
26.65	-29.6035915992395
26.6625	-29.6044671924503
26.675	-29.6041082743562
26.6875	-29.6035273188964
26.7	-29.6062458398558
26.7125	-29.6108402061141
26.725	-29.6019973284035
26.7375	-29.609049820824
26.75	-29.6209042346628
26.7625	-29.631325927035
26.775	-29.6398222659417
26.7875	-29.6446615417572
26.8	-29.6532542518459
26.8125	-29.6546708051107
26.825	-29.6549956427634
26.8375	-29.6538970137713
26.85	-29.6559064719332
26.8625	-29.6551823461399
26.875	-29.6550944170895
26.8875	-29.6564894175552
26.9	-29.6592454686978
26.9125	-29.6605575470768
26.925	-29.6619374678428
26.9375	-29.6627576599771
26.95	-29.66282131919
26.9625	-29.6540612633049
26.975	-29.6316072415379
26.9875	-29.6481858444883
27	-29.6415813269785
27.0125	-29.6529336080593
27.025	-29.6510483674614
27.0375	-29.6490279382693
27.05	-29.6480146701592
27.0625	-29.6437902647713
27.075	-29.6444566194861
27.0875	-29.6470795741575
27.1	-29.6507252662133
27.1125	-29.6513110443639
27.125	-29.6511182880619
27.1375	-29.6521395384869
27.15	-29.652499393135
27.1625	-29.6551622438336
27.175	-29.6561667387666
27.1875	-29.6547616178164
27.2	-29.6538564156749
27.2125	-29.6909199814204
27.225	-29.6933467335806
27.2375	-29.6990349380902
27.25	-29.7015399353072
27.2625	-29.7209894822159
27.275	-29.7203824925641
27.2875	-29.7224377357636
27.3	-29.7205691989952
27.3125	-29.7216892573416
27.325	-29.7235088119725
27.3375	-29.7259638317415
27.35	-29.7276887437894
27.3625	-29.7296327285627
27.375	-29.731390393159
27.3875	-29.7327426460179
27.4	-29.7343331837144
27.4125	-29.7359477922932
27.425	-29.737373488604
27.4375	-29.7377075211693
27.45	-29.739630835701
27.4625	-29.741900965713
27.475	-29.7462070032928
27.4875	-29.7408758340626
27.5	-29.7422404067775
27.5125	-29.7433800605802
27.525	-29.749898385364
27.5375	-29.7535055447141
27.55	-29.7560246374364
27.5625	-29.7566188682368
27.575	-29.755802819229
27.5875	-29.7566209927636
27.6	-29.7557376621396
27.6125	-29.7570518524327
27.625	-29.7572500668014
27.6375	-29.7581250921518
27.65	-29.759376337001
27.6625	-29.7601086979527
27.675	-29.7606074338211
27.6875	-29.7612781160052
27.7	-29.7632412052983
27.7125	-29.7685215275874
27.725	-29.7689496137232
27.7375	-29.77781423633
27.75	-29.7864708684474
27.7625	-29.7869473818567
27.775	-29.7905653351265
27.7875	-29.7910586474392
27.8	-29.7920765637485
27.8125	-29.7936866309518
27.825	-29.7957519956381
27.8375	-29.79731986339
27.85	-29.799243399961
27.8625	-29.800828132164
27.875	-29.80220544611
27.8875	-29.8041636979359
27.9	-29.8051907700728
27.9125	-29.8067354412904
27.925	-29.8087719234311
27.9375	-29.8104001179988
27.95	-29.8113628696164
27.9625	-29.8131875434463
27.975	-29.8150387340278
27.9875	-29.8169559108607
28	-29.8168042320913
28.0125	-29.8175353027498
28.025	-29.8203524928725
28.0375	-29.8215255189323
28.05	-29.8222189164701
28.0625	-29.8227662723303
28.075	-29.8233637615913
28.0875	-29.824064009718
28.1	-29.8245412073011
28.1125	-29.8251054540982
28.125	-29.8258415136985
28.1375	-29.826648068358
28.15	-29.8271705819135
28.1625	-29.8274516370779
28.175	-29.8278735248202
28.1875	-29.8303100960492
28.2	-29.831629785729
28.2125	-29.8387017560835
28.225	-29.8443647673406
28.2375	-29.8482663419611
28.25	-29.8508651255548
28.2625	-29.8539394856416
28.275	-29.8585747996306
28.2875	-29.8606279986855
28.3	-29.8640857825477
28.3125	-29.8670496643986
28.325	-29.8699348593225
28.3375	-29.8716610377672
28.35	-29.8728113702302
28.3625	-29.8735222320049
28.375	-29.8739669759528
28.3875	-29.8742633663739
28.4	-29.874620316636
28.4125	-29.8748835212139
28.425	-29.8750976317502
28.4375	-29.875202037989
28.45	-29.8752861154365
28.4625	-29.875370382112
28.475	-29.8754371341169
28.4875	-29.8754843659641
28.5	-29.8755173708618
28.5125	-29.8755395268014
28.525	-29.8755529715548
28.5375	-29.8755667255394
28.55	-29.8755714617361
28.5625	-29.8755763491227
28.575	-29.8755859153893
28.5875	-29.8755888673392
28.6	-29.8755903112458
28.6125	-29.87559128757
28.625	-29.8755922816825
28.6375	-29.8755927780454
28.65	-29.8755935924425
28.6625	-29.8755959541731
28.675	-29.8755974968019
28.6875	-29.8756034159832
28.7	-29.8756049134002
28.7125	-29.8756069223914
28.725	-29.8756094603947
28.7375	-29.875612060024
28.75	-29.8756137449239
28.7625	-29.8756155461435
28.775	-29.8756170465341
28.7875	-29.875618620388
28.8	-29.875620118379
28.8125	-29.8756214220876
28.825	-29.8756214221092
28.8375	-29.8756214221092
28.85	-29.8756214221092
28.8625	-29.8756214221092
28.875	-29.8756214221092
28.8875	-29.8756214221092
28.9	-29.8756214221092
28.9125	-29.8756214221092
28.925	-29.8756214221092
28.9375	-29.8756214221092
28.95	-29.8756214221092
28.9625	-29.8756214221092
28.975	-29.8756214221092
28.9875	-29.8756214221092
29	-29.8756214221092
29.0125	-29.8756214221092
29.025	-29.8756214221092
29.0375	-29.8756214221092
29.05	-29.8756214221092
29.0625	-29.8756214221092
29.075	-29.8756214221092
29.0875	-29.8756214221092
29.1	-29.8756214221092
29.1125	-29.8756214221092
29.125	-29.8756214221092
29.1375	-29.8756214221092
29.15	-29.8756214221092
29.1625	-29.8756214221092
29.175	-29.8756214221092
29.1875	-29.8756214221092
29.2	-29.8756214221092
29.2125	-29.8756214221092
29.225	-29.8756214221092
29.2375	-29.8756214221092
29.25	-29.8756214221092
29.2625	-29.8756214221092
29.275	-29.8756214221092
29.2875	-29.8756214221092
29.3	-29.8756214221092
29.3125	-29.8756214221092
29.325	-29.8756214221092
29.3375	-29.8756214221092
29.35	-29.8756214221092
29.3625	-29.8756214221092
29.375	-29.8756214221092
29.3875	-29.8756214221092
29.4	-29.8756214221092
29.4125	-29.8756214221092
29.425	-29.8756214221092
29.4375	-29.8756214221092
29.45	-29.8756214221092
29.4625	-29.8756214221092
29.475	-29.8756214221092
29.4875	-29.8756214221092
29.5	-29.8756214221092
29.5125	-29.8756214221092
29.525	-29.8756214221092
29.5375	-29.8756214221092
29.55	-29.8756214221092
29.5625	-29.8756214221092
29.575	-29.8756214221092
29.5875	-29.8756214221092
29.6	-29.8756214221092
29.6125	-29.8756214221092
29.625	-29.8756214221092
29.6375	-29.8756214221092
29.65	-29.8756214221092
29.6625	-29.8756214221092
29.675	-29.8756214221092
29.6875	-29.8756214221092
29.7	-29.8756214221092
29.7125	-29.8756214221092
29.725	-29.8756214221092
29.7375	-29.8756214221092
29.75	-29.8756214221092
29.7625	-29.8756214221092
29.775	-29.8756214221092
29.7875	-29.8756214221092
29.8	-29.8756214221092
29.8125	-29.8756214221092
29.825	-29.8756214221092
29.8375	-29.8756214221092
29.85	-29.8756214221092
29.8625	-29.8756214221092
29.875	-29.8756214221092
29.8875	-29.8756214221092
29.9	-29.8756214221092
29.9125	-29.8756214221092
29.925	-29.8756214221092
29.9375	-29.8756214221092
29.95	-29.8756214221092
29.9625	-29.8756214221092
29.975	-29.8756214221092
29.9875	-29.8756214221092
30	-29.8756214221092
