0.0125	0
0.025	0
0.0375	0
0.05	0
0.0625	0
0.075	0
0.0875	0
0.1	0
0.1125	0
0.125	0
0.1375	0
0.15	0
0.1625	0
0.175	0
0.1875	0
0.2	0
0.2125	0
0.225	0
0.2375	0
0.25	0
0.2625	0
0.275	0
0.2875	0
0.3	0
0.3125	0
0.325	0
0.3375	0
0.35	0
0.3625	0
0.375	0
0.3875	0
0.4	0
0.4125	0
0.425	0
0.4375	0
0.45	0
0.4625	0
0.475	0
0.4875	0
0.5	0
0.5125	0
0.525	0
0.5375	-0.308442206266539
0.55	-0.354914317726903
0.5625	-0.578336417156015
0.575	-0.625539130867155
0.5875	-0.784880549383783
0.6	-0.880335131614013
0.6125	-0.988306031285369
0.625	-1.00609998977952
0.6375	-1.01301148845344
0.65	-1.025010561497
0.6625	-1.03713102081602
0.675	-1.04459960267678
0.6875	-1.05306108169075
0.7	-1.06897933751593
0.7125	-1.0904566811411
0.725	-1.10460068496408
0.7375	-1.10814182964509
0.75	-1.10775763817423
0.7625	-1.11490576976908
0.775	-1.12676279330839
0.7875	-1.70162258874593
0.8	-1.74427569874094
0.8125	-1.76670828700287
0.825	-1.80509870199024
0.8375	-1.92077438627213
0.85	-1.9590277897399
0.8625	-1.97317963300182
0.875	-1.98069703513989
0.8875	-1.98882093595646
0.9	-1.99812672846665
0.9125	-2.00872077956636
0.925	-2.01677629612563
0.9375	-2.02477568635425
0.95	-2.03481302755935
0.9625	-2.03716331040621
0.975	-2.04867657311744
0.9875	-2.06058929504868
1	-2.06193597631603
1.0125	-2.06683885453986
1.025	-2.35906259983162
1.0375	-2.40741585836531
1.05	-2.79159225317783
1.0625	-2.86643180276891
1.075	-2.92278326583396
1.0875	-2.97035707277572
1.1	-3.13800150216765
1.1125	-3.20210173489609
1.125	-3.22148078990327
1.1375	-3.24889741474897
1.15	-3.2656764883191
1.1625	-3.27665298821906
1.175	-3.28473120741721
1.1875	-3.29803243563877
1.2	-3.30472974684536
1.2125	-3.31377514200545
1.225	-3.31941357944566
1.2375	-3.32688870624987
1.25	-3.33864687926151
1.2625	-3.34695512145448
1.275	-3.60807965932796
1.2875	-3.64481421829359
1.3	-3.91866411419037
1.3125	-3.94748610526003
1.325	-4.05665735157651
1.3375	-4.10648231528715
1.35	-4.16722812051926
1.3625	-4.19152474411085
1.375	-4.20161194964187
1.3875	-4.20899804889162
1.4	-4.2178450546497
1.4125	-4.23161853293957
1.425	-4.24321067809963
1.4375	-4.25162092696057
1.45	-4.25884861304358
1.4625	-4.2683586557151
1.475	-4.27513589975361
1.4875	-4.28003541682875
1.5	-4.28494151571941
1.5125	-4.36502231531594
1.525	-4.43999247651692
1.5375	-4.65629777652847
1.55	-4.699775781933
1.5625	-4.73326815684147
1.575	-4.76125296311187
1.5875	-4.84916012569482
1.6	-4.90515345962775
1.6125	-4.9769779789577
1.625	-5.01960389319397
1.6375	-5.05319904999293
1.65	-5.12300779438935
1.6625	-5.1839785073641
1.675	-5.20961536310867
1.6875	-5.23071479633984
1.7	-5.24806619937029
1.7125	-5.26244164567877
1.725	-5.27009208935527
1.7375	-5.27868127066824
1.75	-5.29315755744788
1.7625	-5.33729883859972
1.775	-5.37102077771368
1.7875	-5.50526991877053
1.8	-5.51941311446371
1.8125	-5.56486084478455
1.825	-5.58743994578653
1.8375	-5.61513636546822
1.85	-5.63185619819219
1.8625	-5.63992908463631
1.875	-5.65301634285898
1.8875	-5.66390727446361
1.9	-5.67681834754441
1.9125	-5.68686988915417
1.925	-5.69406425745042
1.9375	-5.70053184905662
1.95	-5.71259320935897
1.9625	-5.72140727444887
1.975	-5.72766183751564
1.9875	-5.732686149211
2	-5.74649216659896
2.0125	-5.75742078042745
2.025	-5.84133069316058
2.0375	-5.84985118182491
2.05	-5.90015167630177
2.0625	-5.94914129155148
2.075	-6.00073904169145
2.0875	-6.02100938358796
2.1	-6.04255063574759
2.1125	-6.05426547406483
2.125	-6.07662846789082
2.1375	-6.08804181230541
2.15	-6.09553160497734
2.1625	-6.09942616120784
2.175	-6.10479610061291
2.1875	-6.10845444366306
2.2	-6.11196248435927
2.2125	-6.1142388101567
2.225	-6.11601604309111
2.2375	-6.11919767861129
2.25	-6.12340474412704
2.2625	-6.13259460518584
2.275	-6.19069118629107
2.2875	-6.20321892317007
2.3	-6.22673993031197
2.3125	-6.23968608042015
2.325	-6.24888325168557
2.3375	-6.25456624329451
2.35	-6.25815153178242
2.3625	-6.2614679691366
2.375	-6.26516553028937
2.3875	-6.268173527993
2.4	-6.27163210747586
2.4125	-6.27439741444446
2.425	-6.27657715804742
2.4375	-6.27856045311641
2.45	-6.28080515114397
2.4625	-6.28290948229275
2.475	-6.28431008697578
2.4875	-6.28681689716201
2.5	-6.28933471503818
2.5125	-6.30542422813154
2.525	-6.45234786926541
2.5375	-6.49458641595406
2.55	-6.51400714070892
2.5625	-6.51901632593032
2.575	-6.54695483168158
2.5875	-6.56334660158749
2.6	-6.57152339798217
2.6125	-6.57743077584552
2.625	-6.59751363538764
2.6375	-6.61780009424505
2.65	-6.62879052867781
2.6625	-6.62962203542141
2.675	-6.62729474620502
2.6875	-6.63442657213914
2.7	-6.64302822994049
2.7125	-6.64820858568355
2.725	-6.65458189309568
2.7375	-6.66958290075951
2.75	-6.68550214130068
2.7625	-6.76512085682479
2.775	-6.76953658894312
2.7875	-6.77612574538442
2.8	-6.78715238561478
2.8125	-6.80261438641204
2.825	-6.81029333260502
2.8375	-6.81203729999353
2.85	-6.81467820607216
2.8625	-6.81658181264548
2.875	-6.81700393086221
2.8875	-6.81738145383237
2.9	-6.81917398433262
2.9125	-6.82054257909631
2.925	-6.82219551215197
2.9375	-6.82372229140823
2.95	-6.82643497073525
2.9625	-6.82858366492042
2.975	-6.83100415253448
2.9875	-6.83202634955453
3	-6.83461076641398
3.0125	-6.89121087282576
3.025	-6.94035841488519
3.0375	-6.95164668784432
3.05	-6.9589004944363
3.0625	-6.96997892917633
3.075	-6.9907328776725
3.0875	-7.00151339854412
3.1	-7.00613949794433
3.1125	-7.00996224069213
3.125	-7.01214276804238
3.1375	-7.01453102224439
3.15	-7.01791785377012
3.1625	-7.02216766266146
3.175	-7.02732246520213
3.1875	-7.03285255322853
3.2	-7.0377814217461
3.2125	-7.04159124113981
3.225	-7.0459678924746
3.2375	-7.04880092700232
3.25	-7.05777178486639
3.2625	-7.18502893469716
3.275	-7.21771226957728
3.2875	-7.22851902792012
3.3	-7.24468801068187
3.3125	-7.26284589337579
3.325	-7.27488570722211
3.3375	-7.27871853996039
3.35	-7.27828876099805
3.3625	-7.28061782946325
3.375	-7.28367384976235
3.3875	-7.28676115444724
3.4	-7.28950272745538
3.4125	-7.29503472934206
3.425	-7.29744115780958
3.4375	-7.296937273099
3.45	-7.29792219899878
3.4625	-7.29966052657452
3.475	-7.30128621320682
3.4875	-7.30304079522191
3.5	-7.3116344226299
3.5125	-7.38029486713051
3.525	-7.4010139723151
3.5375	-7.408159750334
3.55	-7.41312829424205
3.5625	-7.42142256095331
3.575	-7.43580547331133
3.5875	-7.47763716931585
3.6	-7.49735978676963
3.6125	-7.5083696473195
3.625	-7.5238590219177
3.6375	-7.57150077805076
3.65	-7.58616233596179
3.6625	-7.58863810919906
3.675	-7.59207663578813
3.6875	-7.60039955765882
3.7	-7.61020034717211
3.7125	-7.61250462750519
3.725	-7.61550240421105
3.7375	-7.62185694506404
3.75	-7.63627210674473
3.7625	-7.66750320693104
3.775	-7.6858940865578
3.7875	-7.68875521484181
3.8	-7.69379079675907
3.8125	-7.69847008262038
3.825	-7.7029822667982
3.8375	-7.70441633931164
3.85	-7.70657423348887
3.8625	-7.70806101944293
3.875	-7.71016782784006
3.8875	-7.71249475068655
3.9	-7.71438079522452
3.9125	-7.71630955334275
3.925	-7.71973936129393
3.9375	-7.72239159861639
3.95	-7.72328353197374
3.9625	-7.72334410793715
3.975	-7.72455591143709
3.9875	-7.72803933560041
4	-7.74218343374776
4.0125	-7.76633925408382
4.025	-7.77148469358743
4.0375	-7.77890136552949
4.05	-7.78062746259663
4.0625	-7.7818426763946
4.075	-7.7836454367389
4.0875	-7.7860736540013
4.1	-7.78677866068004
4.1125	-7.78689768757059
4.125	-7.78753325827657
4.1375	-7.78889856981353
4.15	-7.79035590301603
4.1625	-7.79081592428538
4.175	-7.79144466954201
4.1875	-7.79212966908039
4.2	-7.79410075717029
4.2125	-7.79623421713677
4.225	-7.79683509110028
4.2375	-7.7984831111214
4.25	-7.88528653068358
4.2625	-7.89027318652069
4.275	-7.88609613404148
4.2875	-7.88777398473418
4.3	-7.89009942192899
4.3125	-7.89327509450934
4.325	-7.8936354190175
4.3375	-7.89354730976227
4.35	-7.89298870764004
4.3625	-7.89306511532942
4.375	-7.89353924426847
4.3875	-7.89375430621263
4.4	-7.89422344893475
4.4125	-7.89438810300957
4.425	-7.89473636883777
4.4375	-7.89547344633372
4.45	-7.89598970754165
4.4625	-7.89626432746369
4.475	-7.89639897944625
4.4875	-7.8970261507439
4.5	-7.96442765460444
4.5125	-8.00104145856793
4.525	-8.00260928277143
4.5375	-8.01365986410072
4.55	-8.02296110530266
4.5625	-8.03185002621577
4.575	-8.03559046361151
4.5875	-8.03446208897744
4.6	-8.02812323720911
4.6125	-8.01861803249882
4.625	-8.01426517065911
4.6375	-8.01463606631715
4.65	-8.01819722486517
4.6625	-8.02712212763202
4.675	-8.03534183622887
4.6875	-8.04400967583082
4.7	-8.04549785586179
4.7125	-8.04095430900804
4.725	-8.03602305534452
4.7375	-8.0338594269656
4.75	-8.06171285498421
4.7625	-8.07316084151844
4.775	-8.10785126684505
4.7875	-8.11593164276816
4.8	-8.12040232640767
4.8125	-8.1244584785559
4.825	-8.12970849582445
4.8375	-8.13103014181068
4.85	-8.13065882071576
4.8625	-8.13112096526221
4.875	-8.1321075644961
4.8875	-8.1364551855154
4.9	-8.14026455930579
4.9125	-8.14223277203969
4.925	-8.14302286469595
4.9375	-8.14479833241409
4.95	-8.14551023140514
4.9625	-8.14590155974559
4.975	-8.14710365278455
4.9875	-8.15025687306559
5	-8.20263148620692
5.0125	-8.22162156669053
5.025	-8.22161845680952
5.0375	-8.2224921843283
5.05	-8.22637567664224
5.0625	-8.22900088314701
5.075	-8.23332413996764
5.0875	-8.23456811431507
5.1	-8.2366714669524
5.1125	-8.24103178053458
5.125	-8.24328832109755
5.1375	-8.24445172020969
5.15	-8.24614396379145
5.1625	-8.24710901022175
5.175	-8.24652262176947
5.1875	-8.24696973012488
5.2	-8.24769183831603
5.2125	-8.24912079238411
5.225	-8.25255174791798
5.2375	-8.25800332371898
5.25	-8.33631255027079
5.2625	-8.3533090881543
5.275	-8.34974742017794
5.2875	-8.34911152867836
5.3	-8.35172204867519
5.3125	-8.35334465896087
5.325	-8.35858736274357
5.3375	-8.36034641930255
5.35	-8.36018945347341
5.3625	-8.35885942391967
5.375	-8.35704307747285
5.3875	-8.35626823773233
5.4	-8.35723337384974
5.4125	-8.35792693215848
5.425	-8.36004287903882
5.4375	-8.36140034559438
5.45	-8.36340164401026
5.4625	-8.36391870883139
5.475	-8.36348662530126
5.4875	-8.36609567714545
5.5	-8.39172065093044
5.5125	-8.40003366940645
5.525	-8.40306214532736
5.5375	-8.41415680268878
5.55	-8.42100400472541
5.5625	-8.42675580423287
5.575	-8.43128187983795
5.5875	-8.43739706594457
5.6	-8.444600806097
5.6125	-8.45350987660626
5.625	-8.46718113034378
5.6375	-8.48219771166905
5.65	-8.4971712846749
5.6625	-8.51101384486598
5.675	-8.52571994845966
5.6875	-8.53662710335763
5.7	-8.54500112990588
5.7125	-8.54857146600669
5.725	-8.55185685540734
5.7375	-8.56220054558418
5.75	-8.58473904004388
5.7625	-8.59705428003833
5.775	-8.60389638096191
5.7875	-8.61234099968486
5.8	-8.62021879439177
5.8125	-8.63059106552973
5.825	-8.63987055967822
5.8375	-8.65192912193173
5.85	-8.66536622971487
5.8625	-8.67820357686545
5.875	-8.69391562637894
5.8875	-8.70948075542227
5.9	-8.71876213336067
5.9125	-8.72767632606138
5.925	-8.73700184974847
5.9375	-8.74803589752897
5.95	-8.75762520511026
5.9625	-8.76333971082541
5.975	-8.76986202874105
5.9875	-8.78418289323359
6	-8.79407710831685
6.0125	-8.80666353006442
6.025	-8.81229056950583
6.0375	-8.81893844697279
6.05	-8.83079720330385
6.0625	-8.84511730612916
6.075	-8.85754376299593
6.0875	-8.86771831616562
6.1	-8.8790786360767
6.1125	-8.89586726164783
6.125	-8.91152115615005
6.1375	-8.92438844418505
6.15	-8.93477322072216
6.1625	-8.94360164735594
6.175	-8.95161521305639
6.1875	-8.96109944673999
6.2	-8.96840308206436
6.2125	-8.97609735156082
6.225	-8.98487818907807
6.2375	-9.05156881632443
6.25	-9.04973427828974
6.2625	-9.04672182783242
6.275	-9.04324576406842
6.2875	-9.04238476683661
6.3	-9.04261262012518
6.3125	-9.04332318464447
6.325	-9.04417618480003
6.3375	-9.04470385957446
6.35	-9.04650310626083
6.3625	-9.05085051077839
6.375	-9.05330788072516
6.3875	-9.05461871946435
6.4	-9.05817782026464
6.4125	-9.06158010792781
6.425	-9.06421463441618
6.4375	-9.06714789186136
6.45	-9.07040913865897
6.4625	-9.07302450924472
6.475	-9.07866677511982
6.4875	-9.09298891786415
6.5	-9.15493264133092
6.5125	-9.15743399896513
6.525	-9.15926716334517
6.5375	-9.16216598733032
6.55	-9.16926920133997
6.5625	-9.17621338951019
6.575	-9.18196306876303
6.5875	-9.18774061186541
6.6	-9.19641483286638
6.6125	-9.20058228065499
6.625	-9.19849837153327
6.6375	-9.19382700885512
6.65	-9.1918760616424
6.6625	-9.19654712055586
6.675	-9.20288963560675
6.6875	-9.21418621002272
6.7	-9.22426378224254
6.7125	-9.23207985962608
6.725	-9.23876548756912
6.7375	-9.26451866868693
6.75	-9.27481927628788
6.7625	-9.28360655285798
6.775	-9.28831511882464
6.7875	-9.29211182368502
6.8	-9.29539603399009
6.8125	-9.30099821890406
6.825	-9.30322834365405
6.8375	-9.30513062317818
6.85	-9.30725817740092
6.8625	-9.30885950236605
6.875	-9.31053479205566
6.8875	-9.31312112384131
6.9	-9.31816930877774
6.9125	-9.31942481775018
6.925	-9.32250015800186
6.9375	-9.32620997610965
6.95	-9.32870944151149
6.9625	-9.33276896176436
6.975	-9.36434277230116
6.9875	-9.40327559989669
7	-9.40745745975778
7.0125	-9.40987555546945
7.025	-9.41289800571821
7.0375	-9.41830862334587
7.05	-9.42307251561413
7.0625	-9.42663746359366
7.075	-9.42901439832808
7.0875	-9.43347938220944
7.1	-9.43818073261338
7.1125	-9.44230280428294
7.125	-9.4437300832566
7.1375	-9.44600257164652
7.15	-9.45075132807497
7.1625	-9.45323307191017
7.175	-9.45629908393078
7.1875	-9.46012860788591
7.2	-9.46735671097637
7.2125	-9.52633566803389
7.225	-9.55198479238831
7.2375	-9.54457594188039
7.25	-9.54036768223654
7.2625	-9.54346131164966
7.275	-9.54820088241232
7.2875	-9.55433873761479
7.3	-9.56130700547682
7.3125	-9.56403601578678
7.325	-9.5673905764491
7.3375	-9.56811965791629
7.35	-9.56961409761794
7.3625	-9.57245135864924
7.375	-9.5764341174799
7.3875	-9.57858573302529
7.4	-9.58123573369219
7.4125	-9.58640125874443
7.425	-9.58811176748394
7.4375	-9.58893251870345
7.45	-9.58967651296773
7.4625	-9.60357692691422
7.475	-9.71794794946479
7.4875	-9.78051307481743
7.5	-9.80412808889713
7.5125	-9.82345014779352
7.525	-9.84142279803165
7.5375	-9.85738861075201
7.55	-9.86687400912619
7.5625	-9.87172769184441
7.575	-9.88054727926008
7.5875	-9.88825662610057
7.6	-9.89480468589266
7.6125	-9.90106154377159
7.625	-9.90779526609619
7.6375	-9.91499347579102
7.65	-9.91879766366386
7.6625	-9.92638824821867
7.675	-9.93519153552004
7.6875	-9.94550848523819
7.7	-9.96601333095015
7.7125	-9.97112261235867
7.725	-9.98729118063908
7.7375	-9.9982806562955
7.75	-10.0048291345901
7.7625	-10.0116929322941
7.775	-10.0180016210843
7.7875	-10.0247537353512
7.8	-10.0298030031057
7.8125	-10.0338217557076
7.825	-10.0389168950912
7.8375	-10.0439889664656
7.85	-10.0487992359143
7.8625	-10.0511741918133
7.875	-10.0531017538924
7.8875	-10.054362640202
7.9	-10.0557021448213
7.9125	-10.0592916076833
7.925	-10.0654140106744
7.9375	-10.0707553869281
7.95	-10.0855109595317
7.9625	-10.1071843625314
7.975	-10.3177270290588
7.9875	-10.5153191655561
8	-10.6567821657152
8.0125	-10.7273720339424
8.025	-10.7773348250264
8.0375	-10.8625710300118
8.05	-10.8916210461117
8.0625	-10.9055202628196
8.075	-10.9110817718408
8.0875	-10.9184247112096
8.1	-10.9277502028595
8.1125	-10.9347853019476
8.125	-10.9458209189029
8.1375	-10.9560962270506
8.15	-10.9644148628406
8.1625	-10.9666407627943
8.175	-10.9678454846227
8.1875	-10.9682740167786
8.2	-10.9721146521255
8.2125	-10.9918380685347
8.225	-11.0026730804358
8.2375	-11.0130215545637
8.25	-11.0239131317981
8.2625	-11.034062782364
8.275	-11.0420402211003
8.2875	-11.0491235533972
8.3	-11.052161522114
8.3125	-11.0553653862597
8.325	-11.0594233746971
8.3375	-11.0616693999242
8.35	-11.0617680042975
8.3625	-11.061090494999
8.375	-11.0614209334343
8.3875	-11.0637840142529
8.4	-11.0675115916127
8.4125	-11.0692667300125
8.425	-11.0719405086733
8.4375	-11.0736984482415
8.45	-11.1576789211039
8.4625	-11.4732248112948
8.475	-11.604649495844
8.4875	-11.6703954588907
8.5	-11.7211178362561
8.5125	-11.763838331664
8.525	-11.7997248118751
8.5375	-11.8530410840552
8.55	-11.9126387466757
8.5625	-11.966251821106
8.575	-12.0489148372635
8.5875	-12.1116699425288
8.6	-12.1738003799837
8.6125	-12.2285820772739
8.625	-12.2782461583189
8.6375	-12.3256995818028
8.65	-12.3674258994217
8.6625	-12.4022562482094
8.675	-12.4374839561659
8.6875	-12.4762565769279
8.7	-12.5233271779235
8.7125	-12.5784486111259
8.725	-12.6146351294613
8.7375	-12.6288301968927
8.75	-12.6375211926476
8.7625	-12.6473585235165
8.775	-12.6571089273687
8.7875	-12.6645501738697
8.8	-12.6701279514733
8.8125	-12.6733726255142
8.825	-12.6772986083905
8.8375	-12.6808115990857
8.85	-12.6853321503796
8.8625	-12.6893376708103
8.875	-12.6944671155273
8.8875	-12.7006618289755
8.9	-12.7051510307779
8.9125	-12.7096986369259
8.925	-12.7134896614232
8.9375	-12.7173589150709
8.95	-12.7380906399208
8.9625	-12.7779134616815
8.975	-12.8192653656485
8.9875	-12.831491163296
9	-12.8582278636261
9.0125	-12.8678446730528
9.025	-12.8790577228219
9.0375	-12.8895797767569
9.05	-12.8944308620089
9.0625	-12.901495678687
9.075	-12.9065588428443
9.0875	-12.9133223694805
9.1	-12.9184455969466
9.1125	-12.9217627243616
9.125	-12.9247056490237
9.1375	-12.927239059115
9.15	-12.9305077834256
9.1625	-12.9321820807207
9.175	-12.9346544308413
9.1875	-12.9486956538638
9.2	-13.0031197264768
9.2125	-13.0465030330067
9.225	-13.0585400741739
9.2375	-13.0670015788499
9.25	-13.0759923324187
9.2625	-13.0897852167771
9.275	-13.1005005631777
9.2875	-13.1135370924138
9.3	-13.1245275017274
9.3125	-13.1295575866984
9.325	-13.1365785910436
9.3375	-13.1441706952645
9.35	-13.1523076113709
9.3625	-13.1589677490992
9.375	-13.1616432420673
9.3875	-13.1654900753402
9.4	-13.1689103697149
9.4125	-13.1770991438618
9.425	-13.1789038337733
9.4375	-13.1913914229771
9.45	-13.2234342368428
9.4625	-13.2354327234437
9.475	-13.2524221208096
9.4875	-13.2659518953231
9.5	-13.2776945824136
9.5125	-13.2853080634748
9.525	-13.2934536744848
9.5375	-13.3013338440409
9.55	-13.3061301538386
9.5625	-13.308326159444
9.575	-13.3108290375255
9.5875	-13.3195433702177
9.6	-13.3307593825345
9.6125	-13.338212116325
9.625	-13.3452520533113
9.6375	-13.3516851991029
9.65	-13.35746527847
9.6625	-13.3595263901015
9.675	-13.3636353356053
9.6875	-13.3824137013232
9.7	-13.4046298032635
9.7125	-13.4180652690619
9.725	-13.4243867813026
9.7375	-13.4295464767916
9.75	-13.4372465403372
9.7625	-13.4446663583659
9.775	-13.453020722499
9.7875	-13.4611776206001
9.8	-13.4676049925415
9.8125	-13.4735336381292
9.825	-13.4790825497961
9.8375	-13.4852805160229
9.85	-13.4905844253435
9.8625	-13.496012362142
9.875	-13.5017899286941
9.8875	-13.5053141633376
9.9	-13.5093578319681
9.9125	-13.5145959855356
9.925	-13.5243811480178
9.9375	-13.5521780430183
9.95	-13.5809382603974
9.9625	-13.6061458228879
9.975	-13.6201971758121
9.9875	-13.6569840904298
10	-13.6783153222544
10.0125	-13.7201972831214
10.025	-13.7491291033516
10.0375	-13.7718091344737
10.05	-13.7881412552448
10.0625	-13.8102970355757
10.075	-13.8270798869582
10.0875	-13.8475462579657
10.1	-13.8683035069828
10.1125	-13.9013305059867
10.125	-13.9337313102394
10.1375	-13.9616991667366
10.15	-13.9884500348647
10.1625	-14.0092210107987
10.175	-14.0741656693655
10.1875	-14.0848914516644
10.2	-14.0946004757768
10.2125	-14.1036678665092
10.225	-14.110019644963
10.2375	-14.1164916003255
10.25	-14.1243940775368
10.2625	-14.1327478977683
10.275	-14.1404729602864
10.2875	-14.1474527330826
10.3	-14.1517576179561
10.3125	-14.1551881342438
10.325	-14.160848615728
10.3375	-14.1636224391553
10.35	-14.1691022208399
10.3625	-14.1729051290294
10.375	-14.1763776880077
10.3875	-14.1793818253833
10.4	-14.1808108432443
10.4125	-14.1878346814388
10.425	-14.2061974925091
10.4375	-14.2253035089507
10.45	-14.2799009805798
10.4625	-14.353834874428
10.475	-14.4112946088819
10.4875	-14.440224056327
10.5	-14.4553468440898
10.5125	-14.4675840208761
10.525	-14.4854875536762
10.5375	-14.4960919865213
10.55	-14.5101574859752
10.5625	-14.5386111062295
10.575	-14.5512916184704
10.5875	-14.5729095179373
10.6	-14.5871483399167
10.6125	-14.614495870055
10.625	-14.6397504799201
10.6375	-14.6774230388838
10.65	-14.717489003387
10.6625	-14.7650776369522
10.675	-14.8243699413596
10.6875	-14.8435844556037
10.7	-14.8683645877763
10.7125	-14.9037113777031
10.725	-14.9293073449457
10.7375	-14.9503738390005
10.75	-14.9704978328349
10.7625	-14.9849992980571
10.775	-15.0140676800941
10.7875	-15.0502122247381
10.8	-15.0878426022877
10.8125	-15.1121650982331
10.825	-15.1372880770151
10.8375	-15.1653276288986
10.85	-15.1888934066929
10.8625	-15.2076239473648
10.875	-15.2280777149067
10.8875	-15.25041834134
10.9	-15.2668468953701
10.9125	-15.2841206565322
10.925	-15.338566816344
10.9375	-15.3901972112273
10.95	-15.4373443046167
10.9625	-15.476588479703
10.975	-15.5040437520815
10.9875	-15.5497730533904
11	-15.595679257233
11.0125	-15.6337851195297
11.025	-15.6538179700072
11.0375	-15.6754361618944
11.05	-15.7057588751837
11.0625	-15.7332265521369
11.075	-15.7477743070966
11.0875	-15.7688906418902
11.1	-15.7994263868521
11.1125	-15.8488613553349
11.125	-15.8906308199808
11.1375	-15.9255611964554
11.15	-15.9512638541673
11.1625	-15.9768398651595
11.175	-16.0371117295623
11.1875	-16.0612879963252
11.2	-16.0756480381705
11.2125	-16.0980164116474
11.225	-16.1243301825026
11.2375	-16.1411820310986
11.25	-16.1570762074738
11.2625	-16.1838657769512
11.275	-16.202658988286
11.2875	-16.2271071532632
11.3	-16.246269446827
11.3125	-16.2601529481638
11.325	-16.2834108540829
11.3375	-16.30193117182
11.35	-16.3251951004907
11.3625	-16.3519750829867
11.375	-16.3700999180821
11.3875	-16.3910557991833
11.4	-16.4003255426488
11.4125	-16.431208839287
11.425	-16.4591948277217
11.4375	-16.4721393967951
11.45	-16.4797998924497
11.4625	-16.4866609821602
11.475	-16.487631948219
11.4875	-16.4917209150402
11.5	-16.4929028938572
11.5125	-16.4891724334484
11.525	-16.4860891379204
11.5375	-16.4935348955806
11.55	-16.4983819349367
11.5625	-16.50670814874
11.575	-16.5115653178478
11.5875	-16.5096356148064
11.6	-16.5105725435951
11.6125	-16.5051842279688
11.625	-16.4966084485387
11.6375	-16.4840322668498
11.65	-16.5119705973419
11.6625	-16.5433392264764
11.675	-16.5586215638844
11.6875	-16.5636247039373
11.7	-16.5749861144745
11.7125	-16.5898887045687
11.725	-16.5942726730767
11.7375	-16.59474725387
11.75	-16.5968802306898
11.7625	-16.5973138698685
11.775	-16.5984540132171
11.7875	-16.603851898014
11.8	-16.6170146471556
11.8125	-16.6247198133928
11.825	-16.6302224379332
11.8375	-16.6376564570507
11.85	-16.6372327637781
11.8625	-16.6359327432245
11.875	-16.6358001395925
11.8875	-16.6382962000307
11.9	-16.6434763525743
11.9125	-16.6650723666635
11.925	-16.7062988842293
11.9375	-16.7407056616589
11.95	-16.7497811208361
11.9625	-16.7637634656805
11.975	-16.7703481021266
11.9875	-16.7803287511067
12	-16.794900988459
12.0125	-16.8057855427193
12.025	-16.8112019550543
12.0375	-16.8149855785143
12.05	-16.8241965703629
12.0625	-16.8284888821568
12.075	-16.8363202559917
12.0875	-16.8438142844811
12.1	-16.8579530113252
12.1125	-16.8738726400493
12.125	-16.8961186694291
12.1375	-16.9357439069352
12.15	-16.9605675528565
12.1625	-16.9745419707575
12.175	-16.9828922645508
12.1875	-16.9936225183662
12.2	-17.004019245082
12.2125	-17.0084456392363
12.225	-17.0138446461017
12.2375	-17.017247980096
12.25	-17.0196495512316
12.2625	-17.0229969871996
12.275	-17.0281165903406
12.2875	-17.0313671572098
12.3	-17.0336358901813
12.3125	-17.039159096064
12.325	-17.0474363983379
12.3375	-17.0574249140668
12.35	-17.0643933464846
12.3625	-17.0688728876011
12.375	-17.0796461046895
12.3875	-17.100328688348
12.4	-17.1757142409665
12.4125	-17.2012104716934
12.425	-17.2307490909789
12.4375	-17.2601861174325
12.45	-17.2802015557576
12.4625	-17.3035577213449
12.475	-17.3192966270516
12.4875	-17.3363075679108
12.5	-17.3567645687104
12.5125	-17.3765029100695
12.525	-17.3962665554735
12.5375	-17.4097668881274
12.55	-17.4188604299886
12.5625	-17.4235186181842
12.575	-17.4313936849397
12.5875	-17.4492847427658
12.6	-17.4666697093628
12.6125	-17.466956080785
12.625	-17.4654102965815
12.6375	-17.4927248891784
12.65	-17.6077074567494
12.6625	-17.643292856045
12.675	-17.6740660801858
12.6875	-17.6951677334838
12.7	-17.7165494288073
12.7125	-17.7364148970676
12.725	-17.7514475014082
12.7375	-17.7682855870101
12.75	-17.7854009941117
12.7625	-17.7992071691081
12.775	-17.8061171157792
12.7875	-17.810326568515
12.8	-17.8193572649019
12.8125	-17.8301713016286
12.825	-17.847979282357
12.8375	-17.8669980560846
12.85	-17.8896836542062
12.8625	-17.906120224476
12.875	-17.9197606095366
12.8875	-17.961310611763
12.9	-17.9941504229744
12.9125	-18.0100168492504
12.925	-18.0275466695164
12.9375	-18.044346855589
12.95	-18.0604171260966
12.9625	-18.0887207775521
12.975	-18.1209579959439
12.9875	-18.1415442220398
13	-18.1582433967247
13.0125	-18.1758600320603
13.025	-18.1840854594841
13.0375	-18.2012928485566
13.05	-18.2226705725979
13.0625	-18.251695233505
13.075	-18.26999463649
13.0875	-18.2933944736511
13.1	-18.3153525219727
13.1125	-18.3283465907871
13.125	-18.327978567604
13.1375	-18.3710992909038
13.15	-18.4324257683345
13.1625	-18.4756670179443
13.175	-18.4897882150032
13.1875	-18.5101495428505
13.2	-18.5240178700456
13.2125	-18.547801311753
13.225	-18.564870316046
13.2375	-18.5936428876104
13.25	-18.6262813492522
13.2625	-18.6501876366455
13.275	-18.6682757681698
13.2875	-18.6736359078966
13.3	-18.6795171276631
13.3125	-18.6658388523629
13.325	-18.6779504702867
13.3375	-18.6891754849131
13.35	-18.7040634162282
13.3625	-18.7043159152448
13.375	-18.6906442106209
13.3875	-18.7668101699649
13.4	-18.7884195413653
13.4125	-18.8286941981609
13.425	-18.8493978462504
13.4375	-18.8638317155825
13.45	-18.8801509543431
13.4625	-18.8933723733672
13.475	-18.9035308999638
13.4875	-18.9076631335772
13.5	-18.9119099427599
13.5125	-18.9065518321777
13.525	-18.9158785620931
13.5375	-18.9143339500544
13.55	-18.9190318964189
13.5625	-18.9160591657558
13.575	-18.9245315343264
13.5875	-18.9300378402776
13.6	-18.9331297243269
13.6125	-18.9325915800986
13.625	-18.9307519484095
13.6375	-18.9776635555501
13.65	-19.0066141901512
13.6625	-19.0337063919557
13.675	-19.051439540274
13.6875	-19.0762841035372
13.7	-19.0893983849248
13.7125	-19.093919229081
13.725	-19.1190822520234
13.7375	-19.1644564131168
13.75	-19.1829617320079
13.7625	-19.20006254995
13.775	-19.2173038421017
13.7875	-19.2225778214598
13.8	-19.2307135908209
13.8125	-19.2398927102247
13.825	-19.2428456937074
13.8375	-19.2404257635966
13.85	-19.2415990385168
13.8625	-19.2417693255124
13.875	-19.2493892485183
13.8875	-19.2956810324608
13.9	-19.3265577566284
13.9125	-19.3694674454666
13.925	-19.4011638180877
13.9375	-19.4312649282707
13.95	-19.4568796370719
13.9625	-19.4727697503327
13.975	-19.4831070564517
13.9875	-19.5063449529275
14	-19.5372351339512
14.0125	-19.5567815091339
14.025	-19.5620378212921
14.0375	-19.551695808421
14.05	-19.5523007332795
14.0625	-19.5500502980714
14.075	-19.5498828707622
14.0875	-19.5714019476258
14.1	-19.5752668400034
14.1125	-19.5813806421123
14.125	-19.6300362900275
14.1375	-19.6272600927772
14.15	-19.6385971432211
14.1625	-19.6751125639107
14.175	-19.6882288952989
14.1875	-19.7064005442952
14.2	-19.7289925891414
14.2125	-19.7396993899966
14.225	-19.7555937224037
14.2375	-19.756524308077
14.25	-19.7551569022327
14.2625	-19.7552556712898
14.275	-19.7476959426176
14.2875	-19.7475425434222
14.3	-19.7488559669796
14.3125	-19.7590753447546
14.325	-19.772924983438
14.3375	-19.7826277112479
14.35	-19.790619236344
14.3625	-19.7950541000549
14.375	-19.81317022737
14.3875	-19.8241223372516
14.4	-19.8299569293871
14.4125	-19.8275094769495
14.425	-19.8427781224652
14.4375	-19.840821840344
14.45	-19.852824002937
14.4625	-19.8611281506633
14.475	-19.8745583377261
14.4875	-19.885031125187
14.5	-19.8912486389071
14.5125	-19.8860590588941
14.525	-19.8763960026012
14.5375	-19.874707686465
14.55	-19.8460947960004
14.5625	-19.854694788231
14.575	-19.8241391630979
14.5875	-19.8233961708499
14.6	-19.7786024177073
14.6125	-19.7872969101614
14.625	-19.9030742271997
14.6375	-19.9385277820963
14.65	-19.9225617162893
14.6625	-19.9037583133746
14.675	-19.9145658935106
14.6875	-19.9585257584603
14.7	-19.9762912132991
14.7125	-19.9678428941222
14.725	-19.9624704597418
14.7375	-19.9687095186129
14.75	-19.9763717668494
14.7625	-19.968763440948
14.775	-19.94937175541
14.7875	-19.9406206340539
14.8	-19.9457750467171
14.8125	-19.9514668801932
14.825	-19.9431376490318
14.8375	-19.9481413974091
14.85	-19.9567530045075
14.8625	-20.0155918650709
14.875	-20.0679650429422
14.8875	-20.0978770980872
14.9	-20.1201536294067
14.9125	-20.1382230115918
14.925	-20.1517708983282
14.9375	-20.1651619394086
14.95	-20.172296422057
14.9625	-20.1807270146259
14.975	-20.1848455564508
14.9875	-20.1952019587183
15	-20.1987223423962
15.0125	-20.2099626689353
15.025	-20.2167015303793
15.0375	-20.2234727057669
15.05	-20.2292681545975
15.0625	-20.2360648231783
15.075	-20.2449177564412
15.0875	-20.2652350320354
15.1	-20.2846282792256
15.1125	-20.3065401857989
15.125	-20.316883011867
15.1375	-20.3284983720204
15.15	-20.3460311500688
15.1625	-20.3369163986682
15.175	-20.3189899584159
15.1875	-20.3196972882305
15.2	-20.3215537179546
15.2125	-20.3313827831442
15.225	-20.3163285660562
15.2375	-20.280721138197
15.25	-20.2637846115824
15.2625	-20.2552948933438
15.275	-20.2204007610382
15.2875	-20.1974920472287
15.3	-20.1737615907674
15.3125	-20.1261695114193
15.325	-20.1100252180496
15.3375	-20.0708121210752
15.35	-20.0739198773342
15.3625	-20.2050300404928
15.375	-20.240967936509
15.3875	-20.3466740953592
15.4	-20.3639606461461
15.4125	-20.4814636195592
15.425	-20.5008517295982
15.4375	-20.5117119843126
15.45	-20.5234667875041
15.4625	-20.528474007946
15.475	-20.5308172512834
15.4875	-20.5312578742129
15.5	-20.5240475390862
15.5125	-20.5129515782751
15.525	-20.4923277605232
15.5375	-20.4813501182391
15.55	-20.4632286661516
15.5625	-20.4316837654705
15.575	-20.4141289832058
15.5875	-20.3893892683882
15.6	-20.4112792389467
15.6125	-20.5441923060832
15.625	-20.5716721174727
15.6375	-20.5950629296465
15.65	-20.6192179408628
15.6625	-20.6408597691681
15.675	-20.6470889857418
15.6875	-20.6542629667967
15.7	-20.6608024881794
15.7125	-20.6592364969045
15.725	-20.6613484587265
15.7375	-20.6561331124113
15.75	-20.6461134122405
15.7625	-20.6479010977596
15.775	-20.6439650074938
15.7875	-20.6401390640033
15.8	-20.6291505908623
15.8125	-20.6060131854072
15.825	-20.6126679742922
15.8375	-20.5918890253489
15.85	-20.6135074103357
15.8625	-20.6398513561906
15.875	-20.6702629152171
15.8875	-20.6897002822649
15.9	-20.708475346436
15.9125	-20.7164263633761
15.925	-20.7284923128036
15.9375	-20.7381121681572
15.95	-20.7497876860215
15.9625	-20.7605463713674
15.975	-20.7678383803788
15.9875	-20.7750982443039
16	-20.7838679177794
16.0125	-20.7832360977923
16.025	-20.7908292528403
16.0375	-20.7919255482729
16.05	-20.7881107225548
16.0625	-20.787730252852
16.075	-20.7840801058678
16.0875	-20.7926387357403
16.1	-20.8151414144652
16.1125	-20.8213577779903
16.125	-20.8322925722632
16.1375	-20.8615225775456
16.15	-20.8781924388923
16.1625	-20.8984061447886
16.175	-20.9059579514577
16.1875	-20.9153514197571
16.2	-20.9222382913734
16.2125	-20.924341303054
16.225	-20.938601228061
16.2375	-20.9707341977682
16.25	-20.9974817051108
16.2625	-21.0177647339616
16.275	-21.0207008891539
16.2875	-21.0257988260118
16.3	-21.0326405685323
16.3125	-21.0400169034819
16.325	-21.0467759250429
16.3375	-21.0523555119607
16.35	-21.0546596084566
16.3625	-21.0509400462152
16.375	-21.0543932208745
16.3875	-21.0684781607004
16.4	-21.0720760922596
16.4125	-21.0771023819004
16.425	-21.0915418939778
16.4375	-21.0928551183472
16.45	-21.0988009496206
16.4625	-21.1038195966532
16.475	-21.1099032337848
16.4875	-21.1391025976288
16.5	-21.1151525645494
16.5125	-21.1105764281242
16.525	-21.1079019067162
16.5375	-21.0924656682597
16.55	-21.0958641751467
16.5625	-21.0615256422904
16.575	-21.0765099347814
16.5875	-21.1740699458864
16.6	-21.22198911781
16.6125	-21.2921664548011
16.625	-21.3287328705218
16.6375	-21.3405593074198
16.65	-21.3504022496779
16.6625	-21.3569883127704
16.675	-21.3686640760017
16.6875	-21.3764754671978
16.7	-21.3833358437077
16.7125	-21.3950046972129
16.725	-21.4112906712635
16.7375	-21.4260770654708
16.75	-21.435778502654
16.7625	-21.4403270919169
16.775	-21.4470278125585
16.7875	-21.4496715082533
16.8	-21.4490709966214
16.8125	-21.4466495401918
16.825	-21.4409010058218
16.8375	-21.4916151037852
16.85	-21.5190590039849
16.8625	-21.543529557303
16.875	-21.5542369280206
16.8875	-21.5617361844181
16.9	-21.5698947064468
16.9125	-21.57945272503
16.925	-21.5850734739319
16.9375	-21.5888102238637
16.95	-21.5891976774871
16.9625	-21.591690057633
16.975	-21.5920990998088
16.9875	-21.5810210911992
17	-21.5889812438415
17.0125	-21.582353213992
17.025	-21.5883481359385
17.0375	-21.5914296213792
17.05	-21.6042552482989
17.0625	-21.6050678669662
17.075	-21.6068147733945
17.0875	-21.6351382911432
17.1	-21.6520063527449
17.1125	-21.6554972151187
17.125	-21.6584231915944
17.1375	-21.6497382412942
17.15	-21.6596837524197
17.1625	-21.6449521013192
17.175	-21.6479921436533
17.1875	-21.6368791243575
17.2	-21.6460459644116
17.2125	-21.6337872979503
17.225	-21.626609487452
17.2375	-21.6221551984533
17.25	-21.6043695774836
17.2625	-21.6025622382176
17.275	-21.549472614982
17.2875	-21.4893337118215
17.3	-21.4502556954292
17.3125	-21.4073601082267
17.325	-21.3890259482891
17.3375	-21.5943390898764
17.35	-21.6539596199438
17.3625	-21.6582239978211
17.375	-21.6785283457222
17.3875	-21.6876286253594
17.4	-21.704967048575
17.4125	-21.7067184296884
17.425	-21.7097390210935
17.4375	-21.7165826711947
17.45	-21.7103802378573
17.4625	-21.694657081477
17.475	-21.6934836584572
17.4875	-21.6938034466536
17.5	-21.6635808295526
17.5125	-21.6709309590505
17.525	-21.6779590969252
17.5375	-21.6508126575313
17.55	-21.6531539181865
17.5625	-21.6443016448307
17.575	-21.6458743340095
17.5875	-21.7476703035921
17.6	-21.7593951310714
17.6125	-21.7699789161026
17.625	-21.7780992863373
17.6375	-21.7831673537132
17.65	-21.7871122984146
17.6625	-21.79286649953
17.675	-21.7908877427211
17.6875	-21.7848910525953
17.7	-21.7781496982184
17.7125	-21.7829891354635
17.725	-21.7714164933804
17.7375	-21.7743280853286
17.75	-21.77819013068
17.7625	-21.7633277235167
17.775	-21.7533447724598
17.7875	-21.7351147691546
17.8	-21.7214767822043
17.8125	-21.7064819305163
17.825	-21.7440268348585
17.8375	-21.7901108302154
17.85	-21.8072959205863
17.8625	-21.8261438886576
17.875	-21.839076061253
17.8875	-21.8589870016539
17.9	-21.8614640961312
17.9125	-21.8657029899363
17.925	-21.8714510851028
17.9375	-21.8770715127635
17.95	-21.8798810315279
17.9625	-21.8853993731329
17.975	-21.8867930031473
17.9875	-21.882972525807
18	-21.8845169185722
18.0125	-21.8886849413493
18.025	-21.8765825877468
18.0375	-21.8865653206783
18.05	-21.8649453897559
18.0625	-21.8837197205037
18.075	-21.9065140390853
18.0875	-21.9178805484898
18.1	-21.9311962113858
18.1125	-21.9366941259913
18.125	-21.9420051993564
18.1375	-21.9477383099746
18.15	-21.9495479824124
18.1625	-21.9576306689804
18.175	-21.9549132289106
18.1875	-21.9642316384122
18.2	-21.9626710943285
18.2125	-21.9589373418146
18.225	-21.9614650806735
18.2375	-21.9665933133299
18.25	-21.962543286388
18.2625	-21.9691575973029
18.275	-21.9751073433074
18.2875	-21.9791523259014
18.3	-21.9821398062754
18.3125	-21.9878342176822
18.325	-21.9915349895392
18.3375	-21.9956603702937
18.35	-22.0133610297712
18.3625	-22.0155684990892
18.375	-22.031531292066
18.3875	-22.0489021935237
18.4	-22.0547663903656
18.4125	-22.0586030425445
18.425	-22.0628012700761
18.4375	-22.0640020401292
18.45	-22.0640623206852
18.4625	-22.0420905698743
18.475	-22.0309343375293
18.4875	-21.9474671944768
18.5	-21.9559202514839
18.5125	-21.9654927191463
18.525	-21.944479692365
18.5375	-21.9420244602846
18.55	-21.9459529448418
18.5625	-21.9787385923837
18.575	-22.0934343467241
18.5875	-22.1269305366829
18.6	-22.1611455191381
18.6125	-22.1949095087261
18.625	-22.2162121624188
18.6375	-22.2442387796548
18.65	-22.2625710490447
18.6625	-22.2823277420187
18.675	-22.2848724522207
18.6875	-22.2898052526202
18.7	-22.2764251925855
18.7125	-22.265319717836
18.725	-22.254603242449
18.7375	-22.2641723972566
18.75	-22.2615637394283
18.7625	-22.256303322336
18.775	-22.2519622374078
18.7875	-22.2359844100117
18.8	-22.2240687362991
18.8125	-22.279596258213
18.825	-22.326808658497
18.8375	-22.3689597326218
18.85	-22.3919066186223
18.8625	-22.4196330980889
18.875	-22.4442526297709
18.8875	-22.4582378007641
18.9	-22.475345439546
18.9125	-22.4917302716837
18.925	-22.5019793880154
18.9375	-22.5067064560648
18.95	-22.5178444960858
18.9625	-22.5326605194668
18.975	-22.5350908855082
18.9875	-22.5487831528901
19	-22.5488546881703
19.0125	-22.5509402543862
19.025	-22.5447924799926
19.0375	-22.5434688735861
19.05	-22.5447303255085
19.0625	-22.5591270268152
19.075	-22.5997303850002
19.0875	-22.6446095714101
19.1	-22.6653618205746
19.1125	-22.7096489709849
19.125	-22.7422392498088
19.1375	-22.7698811198852
19.15	-22.7704416702418
19.1625	-22.7761684984023
19.175	-22.7971150928307
19.1875	-22.7967434673923
19.2	-22.7713070942318
19.2125	-22.8011357643775
19.225	-22.7867389307655
19.2375	-22.7680057775897
19.25	-22.7235901456568
19.2625	-22.6142945823169
19.275	-22.5365848539637
19.2875	-22.4607743570224
19.3	-22.7339950806495
19.3125	-22.8330808585336
19.325	-22.900219291509
19.3375	-22.9325701345923
19.35	-22.9772623748076
19.3625	-23.0088432007422
19.375	-23.0274154172816
19.3875	-23.0290296984275
19.4	-23.0382949107248
19.4125	-23.0406931309516
19.425	-23.0403419898694
19.4375	-23.0444051709029
19.45	-23.0394572295684
19.4625	-23.0248635184824
19.475	-23.0336457251476
19.4875	-23.0428859943967
19.5	-23.0385088596798
19.5125	-23.0265346880277
19.525	-22.9987937561384
19.5375	-22.9757761811165
19.55	-23.0024592693517
19.5625	-23.0645619964912
19.575	-23.0923401743256
19.5875	-23.104461123302
19.6	-23.1198060997081
19.6125	-23.1376971429603
19.625	-23.1370645487538
19.6375	-23.1429796537564
19.65	-23.142992548081
19.6625	-23.1398831044979
19.675	-23.1374973720931
19.6875	-23.1229757684953
19.7	-23.1044479576
19.7125	-23.0832305935586
19.725	-23.0694059377758
19.7375	-23.0500179144612
19.75	-23.0271171036937
19.7625	-23.0007662387604
19.775	-23.007210238046
19.7875	-22.9923439507341
19.8	-23.0584946574984
19.8125	-23.1577528985803
19.825	-23.1824171974611
19.8375	-23.2081424356629
19.85	-23.2125485850925
19.8625	-23.2166188615524
19.875	-23.232600847771
19.8875	-23.2384019741364
19.9	-23.2394674242561
19.9125	-23.2493960816006
19.925	-23.2586739127994
19.9375	-23.2564267177085
19.95	-23.2522322100946
19.9625	-23.2576770328127
19.975	-23.2541715874921
19.9875	-23.2589692164693
20	-23.2777839691122
20.0125	-23.2652879314122
20.025	-23.2300276416261
20.0375	-23.2453948841624
20.05	-23.3110583185792
20.0625	-23.3462509593961
20.075	-23.3691948479222
20.0875	-23.3812513690709
20.1	-23.3910801147161
20.1125	-23.3959194728419
20.125	-23.4028030629609
20.1375	-23.412401216499
20.15	-23.4178889747301
20.1625	-23.4143095868875
20.175	-23.4158437706853
20.1875	-23.4230646140449
20.2	-23.4377613225271
20.2125	-23.4380951190573
20.225	-23.4459791993194
20.2375	-23.4465853693181
20.25	-23.4544908914784
20.2625	-23.4533847537092
20.275	-23.4505054134438
20.2875	-23.4280519606542
20.3	-23.4269447363657
20.3125	-23.421940836046
20.325	-23.4050833055132
20.3375	-23.4668376501903
20.35	-23.476394118673
20.3625	-23.48931066241
20.375	-23.4968395723193
20.3875	-23.5080211447534
20.4	-23.4818632828653
20.4125	-23.447755075316
20.425	-23.3858667520809
20.4375	-23.3369338269202
20.45	-23.3094730478596
20.4625	-23.2328012139755
20.475	-23.1725216526332
20.4875	-23.0917934190641
20.5	-23.0238096573346
20.5125	-22.9879553981949
20.525	-22.9815500581084
20.5375	-23.1272101390226
20.55	-23.1863485788215
20.5625	-23.3211710609698
20.575	-23.4307196809262
20.5875	-23.4732864995039
20.6	-23.4887592572961
20.6125	-23.5210780944531
20.625	-23.541234171858
20.6375	-23.5425689618145
20.65	-23.5064656070443
20.6625	-23.4668389735119
20.675	-23.449942847566
20.6875	-23.4495617860834
20.7	-23.4214152408765
20.7125	-23.3947087819489
20.725	-23.3666659178132
20.7375	-23.3623115881654
20.75	-23.3467835828075
20.7625	-23.3150627518469
20.775	-23.3360230399907
20.7875	-23.3656336414343
20.8	-23.4823080170146
20.8125	-23.4937366997583
20.825	-23.525809271949
20.8375	-23.5593775103445
20.85	-23.5924988801302
20.8625	-23.5990912082976
20.875	-23.6275415443615
20.8875	-23.6318340709667
20.9	-23.6514677708723
20.9125	-23.6498808856491
20.925	-23.665951993593
20.9375	-23.6642402047107
20.95	-23.665545994044
20.9625	-23.6682913093247
20.975	-23.6725414254851
20.9875	-23.6704834966548
21	-23.6679923537917
21.0125	-23.6684955741989
21.025	-23.6874762274447
21.0375	-23.694328651788
21.05	-23.6705242606849
21.0625	-23.6878212634286
21.075	-23.7152553993272
21.0875	-23.7341899064763
21.1	-23.7278150047263
21.1125	-23.7636870027178
21.125	-23.7713592764553
21.1375	-23.7604794985528
21.15	-23.7593104431112
21.1625	-23.7765117020158
21.175	-23.7643517600009
21.1875	-23.7108057344033
21.2	-23.6534288985703
21.2125	-23.5918384495887
21.225	-23.5814868160681
21.2375	-23.5740679127314
21.25	-23.5471081471394
21.2625	-23.5312506000112
21.275	-23.6452371736357
21.2875	-23.7496437851477
21.3	-23.7895939985261
21.3125	-23.8034599601844
21.325	-23.8130055598548
21.3375	-23.821441572076
21.35	-23.8416050591207
21.3625	-23.8490654002815
21.375	-23.8274984208182
21.3875	-23.8216198695653
21.4	-23.7851494093206
21.4125	-23.7763426693806
21.425	-23.7655611277723
21.4375	-23.7139996981773
21.45	-23.6523659277761
21.4625	-23.6281128296101
21.475	-23.5199698089793
21.4875	-23.4042822458168
21.5	-23.3916837041591
21.5125	-23.3906612736339
21.525	-23.6342987203793
21.5375	-23.7507460699243
21.55	-23.8093135386707
21.5625	-23.8387403802104
21.575	-23.8574185187345
21.5875	-23.8743519318089
21.6	-23.8948595964965
21.6125	-23.9131283883908
21.625	-23.9290389052635
21.6375	-23.9228066264078
21.65	-23.9244225712623
21.6625	-23.884559700568
21.675	-23.8885567741669
21.6875	-23.8164275292551
21.7	-23.8039469890816
21.7125	-23.7973937029763
21.725	-23.781439682202
21.7375	-23.7916809928664
21.75	-23.7873571596942
21.7625	-23.8741944833678
21.775	-23.9355067050876
21.7875	-23.9496316654117
21.8	-23.9798913944136
21.8125	-23.9897380210024
21.825	-24.0189184918139
21.8375	-24.0241935984452
21.85	-24.0319430919674
21.8625	-24.034084235824
21.875	-24.0425024253455
21.8875	-24.0344561185234
21.9	-24.0213830034995
21.9125	-24.0497332029119
21.925	-24.0643655766269
21.9375	-24.049070531872
21.95	-24.0460199494826
21.9625	-24.0551408718552
21.975	-24.0564646415342
21.9875	-24.0649412476908
22	-24.0753035094941
22.0125	-24.0812570559533
22.025	-24.1025328893429
22.0375	-24.0897888797003
22.05	-24.1130584646766
22.0625	-24.117785888064
22.075	-24.1213493635213
22.0875	-24.128564665941
22.1	-24.1295060899766
22.1125	-24.1296466035551
22.125	-24.1323405569965
22.1375	-24.1309837813367
22.15	-24.0970735938133
22.1625	-24.1281020569765
22.175	-24.1487961877613
22.1875	-24.1570661941855
22.2	-24.1752617619805
22.2125	-24.1865375134121
22.225	-24.1962249983158
22.2375	-24.1988851125805
22.25	-24.2001684531576
22.2625	-24.1179810633458
22.275	-24.1069778537611
22.2875	-24.1535985181001
22.3	-24.1628272246293
22.3125	-24.1778567359756
22.325	-24.1890385232605
22.3375	-24.2039813837165
22.35	-24.2172111401104
22.3625	-24.2044618726555
22.375	-24.2296048854097
22.3875	-24.2152193588501
22.4	-24.2010358352613
22.4125	-24.1798948608232
22.425	-24.1697427450646
22.4375	-24.1421345898916
22.45	-24.1674352170432
22.4625	-24.1460755809419
22.475	-24.1289461379163
22.4875	-24.1361455540756
22.5	-24.1637098121324
22.5125	-24.2462826387571
22.525	-24.2832332867889
22.5375	-24.3027873467641
22.55	-24.3307024736687
22.5625	-24.3525981719354
22.575	-24.3608973324246
22.5875	-24.3787880320309
22.6	-24.3818293248964
22.6125	-24.3995363447618
22.625	-24.4047192107176
22.6375	-24.3940528105138
22.65	-24.3959609682573
22.6625	-24.4141169473821
22.675	-24.4138287364283
22.6875	-24.4171323245992
22.7	-24.4218414848963
22.7125	-24.4192973417227
22.725	-24.4204984207255
22.7375	-24.4162033300546
22.75	-24.4272180370792
22.7625	-24.4835482064137
22.775	-24.5072841333035
22.7875	-24.5457719608818
22.8	-24.5505230571003
22.8125	-24.5668929195538
22.825	-24.5742012141742
22.8375	-24.5812398807956
22.85	-24.5779383235073
22.8625	-24.5753625702288
22.875	-24.5753656263894
22.8875	-24.5780658803305
22.9	-24.569923406171
22.9125	-24.5623409197798
22.925	-24.5627655158185
22.9375	-24.5581514048734
22.95	-24.5606719778158
22.9625	-24.5611123951628
22.975	-24.5591620696308
22.9875	-24.5550443412555
23	-24.5862088051784
23.0125	-24.6031207445715
23.025	-24.5878247604976
23.0375	-24.6074576217536
23.05	-24.6143352278081
23.0625	-24.6187158133866
23.075	-24.6527604419372
23.0875	-24.6292511339642
23.1	-24.6458832214351
23.1125	-24.6282610033163
23.125	-24.5098070476663
23.1375	-24.426712995525
23.15	-24.3362888018595
23.1625	-24.1681656215124
23.175	-24.1303946249089
23.1875	-23.9209332586438
23.2	-23.8121389549039
23.2125	-23.6543392660779
23.225	-23.5915702230922
23.2375	-23.4554191838452
23.25	-23.8196905999739
23.2625	-24.5109426265656
23.275	-24.5286626376673
23.2875	-24.585367716228
23.3	-24.6127860739724
23.3125	-24.667471149124
23.325	-24.6912597894662
23.3375	-24.6878096569502
23.35	-24.691293068455
23.3625	-24.6838194790816
23.375	-24.6670361700527
23.3875	-24.6428378167807
23.4	-24.6308445319624
23.4125	-24.5923275913299
23.425	-24.5402207688892
23.4375	-24.47908839554
23.45	-24.4213076501697
23.4625	-24.368220798607
23.475	-24.3750506768802
23.4875	-24.3376006640642
23.5	-24.4031664734423
23.5125	-24.7906618376911
23.525	-24.8476457234967
23.5375	-24.8946050405334
23.55	-24.9061036356245
23.5625	-24.9332558788714
23.575	-24.9356208656367
23.5875	-24.9422483049244
23.6	-24.9601988793327
23.6125	-24.96692764433
23.625	-24.973399202165
23.6375	-24.9852970855516
23.65	-24.9989623422813
23.6625	-25.009781338059
23.675	-25.0206004256824
23.6875	-25.0234170059487
23.7	-25.0259691664873
23.7125	-25.0302685503262
23.725	-25.0238599499451
23.7375	-25.029916730143
23.75	-25.035757194979
23.7625	-25.0561644824565
23.775	-25.0607552903354
23.7875	-25.0559976881216
23.8	-25.07816678119
23.8125	-25.0763956870887
23.825	-25.0749296803454
23.8375	-25.0945473278022
23.85	-25.0919384154398
23.8625	-25.0712692206694
23.875	-25.0471920206971
23.8875	-25.0526040054766
23.9	-24.9982175961201
23.9125	-24.9668690664492
23.925	-24.9327559449557
23.9375	-24.882193022052
23.95	-24.842215173304
23.9625	-24.8165469824382
23.975	-24.8314676471266
23.9875	-24.8106824655777
24	-25.0090420886288
24.0125	-25.0568337925186
24.025	-25.0963382601402
24.0375	-25.1343380500856
24.05	-25.1588194356638
24.0625	-25.161215367398
24.075	-25.168648381539
24.0875	-25.1673621829253
24.1	-25.1763820181288
24.1125	-25.169066788774
24.125	-25.1519303646556
24.1375	-25.1693948402624
24.15	-25.1887372571755
24.1625	-25.1967012743801
24.175	-25.2074694661102
24.1875	-25.2140898739455
24.2	-25.2223893601195
24.2125	-25.2274046854546
24.225	-25.242232932196
24.2375	-25.2562802728412
24.25	-25.1731493185266
24.2625	-25.1940349949393
24.275	-25.2263733303302
24.2875	-25.2291617522523
24.3	-25.2329909298744
24.3125	-25.2330882445796
24.325	-25.2048160230498
24.3375	-25.2458472650074
24.35	-25.236705271193
24.3625	-25.2402765981791
24.375	-25.249748541933
24.3875	-25.1870942227423
24.4	-25.1611413667785
24.4125	-25.1421855718158
24.425	-25.0965900495326
24.4375	-25.0397828649128
24.45	-24.9988333203586
24.4625	-24.9563769705096
24.475	-24.9339282331387
24.4875	-25.029712326969
24.5	-25.2422146660493
24.5125	-25.2628702274582
24.525	-25.3296136041934
24.5375	-25.3102217478383
24.55	-25.3026563518202
24.5625	-25.2681629663764
24.575	-25.2498397538696
24.5875	-25.2138010208224
24.6	-25.2252071415718
24.6125	-25.2054989399588
24.625	-25.213726070371
24.6375	-25.2308056498196
24.65	-25.234452076832
24.6625	-25.2350210197909
24.675	-25.2055258314854
24.6875	-25.1948216954799
24.7	-25.1833775396652
24.7125	-25.1721084697866
24.725	-25.174242675358
24.7375	-25.2080864272814
24.75	-25.2411518861932
24.7625	-25.3043911967731
24.775	-25.4276148698326
24.7875	-25.4317078927877
24.8	-25.4559528116665
24.8125	-25.4627679902783
24.825	-25.4734063976475
24.8375	-25.4604827139801
24.85	-25.4518586718836
24.8625	-25.4535987801479
24.875	-25.4428363849942
24.8875	-25.4332981265895
24.9	-25.3925366563406
24.9125	-25.376965635683
24.925	-25.3814523981706
24.9375	-25.3872890831662
24.95	-25.3759963978222
24.9625	-25.3759434897796
24.975	-25.3781838062188
24.9875	-25.4288402848412
25	-25.4444953264252
25.0125	-25.4159722492174
25.025	-25.4479199031063
25.0375	-25.347825600027
25.05	-25.3636490533092
25.0625	-25.313889233974
25.075	-25.2580423951302
25.0875	-25.3386830194927
25.1	-25.2260220599037
25.1125	-25.1330545124412
25.125	-25.1559571367141
25.1375	-25.1622076101554
25.15	-25.107217927676
25.1625	-25.1047829316247
25.175	-25.1366987963234
25.1875	-25.1549958977934
25.2	-25.1333095960007
25.2125	-25.0750328224612
25.225	-25.0905031236736
25.2375	-25.2186037440875
25.25	-25.2038078919624
25.2625	-25.2174040509962
25.275	-25.2729563811215
25.2875	-25.3603451277942
25.3	-25.3870808162529
25.3125	-25.3765980905589
25.325	-25.4107097709065
25.3375	-25.4320795664449
25.35	-25.4469804252759
25.3625	-25.4171423069667
25.375	-25.3574593640346
25.3875	-25.3096284362796
25.4	-25.2120060751946
25.4125	-25.2237437085708
25.425	-25.1709112350265
25.4375	-25.1527056930264
25.45	-25.1361123103194
25.4625	-25.0745932079085
25.475	-25.0368853708283
25.4875	-25.0725771648995
25.5	-25.4948620714837
25.5125	-25.7179807406257
25.525	-25.7389677331232
25.5375	-25.7446365245277
25.55	-25.7608169907758
25.5625	-25.7605376473173
25.575	-25.7902057287787
25.5875	-25.7942586892952
25.6	-25.7826587958906
25.6125	-25.8193523054501
25.625	-25.8360833823667
25.6375	-25.8475580577289
25.65	-25.8605690537505
25.6625	-25.8656180063654
25.675	-25.8612238792599
25.6875	-25.8765049169765
25.7	-25.8703750028955
25.7125	-25.8769040487057
25.725	-25.8907901687549
25.7375	-25.9046685213762
25.75	-25.8948634150285
25.7625	-25.8880412354872
25.775	-25.911220053556
25.7875	-25.9289831225929
25.8	-25.9317821244582
25.8125	-25.9216802686281
25.825	-25.9410085225854
25.8375	-25.9398315984697
25.85	-25.9492647758728
25.8625	-25.8972637770234
25.875	-25.933266656102
25.8875	-25.9237151329362
25.9	-25.8289047951217
25.9125	-25.8203903226587
25.925	-25.8172539351236
25.9375	-25.8068812175213
25.95	-25.7961144207416
25.9625	-25.7966762787819
25.975	-25.9091258836992
25.9875	-25.9167554180908
26	-25.9305711847319
26.0125	-25.9469099918377
26.025	-25.9774321401511
26.0375	-25.9847338082562
26.05	-25.9900096276273
26.0625	-25.9813767290884
26.075	-25.9795578891509
26.0875	-25.9988052483425
26.1	-26.032109355386
26.1125	-26.0545768725292
26.125	-26.0818655030186
26.1375	-26.0926595949091
26.15	-26.0860171147727
26.1625	-26.1067292709133
26.175	-26.1073186767282
26.1875	-26.1041694146122
26.2	-26.1168769104898
26.2125	-26.1192302846079
26.225	-26.112887612016
26.2375	-26.0482780502379
26.25	-26.0339417596277
26.2625	-26.0592677326413
26.275	-26.0295931121342
26.2875	-26.023764574122
26.3	-26.0302546090025
26.3125	-26.0807116815588
26.325	-26.0256224840939
26.3375	-25.9550448331457
26.35	-25.8365771521589
26.3625	-25.8137387768507
26.375	-25.8304075752512
26.3875	-25.9015721738282
26.4	-25.8574788334016
26.4125	-25.9471287248438
26.425	-25.971179987472
26.4375	-25.9834009131428
26.45	-26.0375592047591
26.4625	-26.0970080107395
26.475	-26.1785652160988
26.4875	-26.1731342886212
26.5	-26.1189947844721
26.5125	-26.1041064604867
26.525	-26.0685195596498
26.5375	-26.0409736889067
26.55	-26.0608272021544
26.5625	-26.0432983395465
26.575	-26.0795690259075
26.5875	-26.026238443492
26.6	-26.0281870245368
26.6125	-26.0066076788608
26.625	-25.9630846317466
26.6375	-25.9661431760459
26.65	-25.956369301056
26.6625	-25.9395094861181
26.675	-25.9384207093227
26.6875	-25.9459804818178
26.7	-25.9702596551644
26.7125	-26.1380077464581
26.725	-26.1491904242932
26.7375	-26.205528334748
26.75	-26.2290574004552
26.7625	-26.2431298128691
26.775	-26.252976425293
26.7875	-26.2554229776521
26.8	-26.2575906062115
26.8125	-26.2584360578997
26.825	-26.2538401894666
26.8375	-26.26183187937
26.85	-26.254535532031
26.8625	-26.2507515144513
26.875	-26.25465432936
26.8875	-26.2455391867895
26.9	-26.239778594041
26.9125	-26.247788198587
26.925	-26.2506667122487
26.9375	-26.2437001314982
26.95	-26.2249926559353
26.9625	-26.1634400220009
26.975	-26.2490549279301
26.9875	-26.2783896237991
27	-26.238356211575
27.0125	-26.2467388178539
27.025	-26.2435425109839
27.0375	-26.1795069149796
27.05	-26.1455320336923
27.0625	-26.1038313509662
27.075	-26.0682471195648
27.0875	-26.0007038489425
27.1	-25.9301341354354
27.1125	-25.8846583810464
27.125	-25.83201176756
27.1375	-25.7936300083179
27.15	-25.7391293175632
27.1625	-25.7072959512276
27.175	-25.6319484671997
27.1875	-25.5925910084848
27.2	-25.6560435715472
27.2125	-26.1507496185435
27.225	-26.1730276365252
27.2375	-26.2006072278903
27.25	-26.278109064804
27.2625	-26.3031200709296
27.275	-26.3196396614582
27.2875	-26.3486133641995
27.3	-26.3444653896889
27.3125	-26.3318456265086
27.325	-26.3311946758255
27.3375	-26.3259101019094
27.35	-26.3184675917487
27.3625	-26.3034708743129
27.375	-26.2923119136271
27.3875	-26.2830825739267
27.4	-26.2692394344063
27.4125	-26.255610029925
27.425	-26.2382959933437
27.4375	-26.2317688698232
27.45	-26.2714657782843
27.4625	-26.2945412468245
27.475	-26.3090524371962
27.4875	-26.2946156107623
27.5	-26.305393163375
27.5125	-26.2991928310455
27.525	-26.3125692342667
27.5375	-26.3203405658368
27.55	-26.3174302108435
27.5625	-26.3130334276987
27.575	-26.318911229444
27.5875	-26.3216334431255
27.6	-26.3217404090103
27.6125	-26.3248371579585
27.625	-26.3258518964458
27.6375	-26.3257825812649
27.65	-26.3248552136682
27.6625	-26.3291543676817
27.675	-26.3331941914435
27.6875	-26.3361167725028
27.7	-26.3756179260068
27.7125	-26.4046193601701
27.725	-26.3666870011719
27.7375	-26.3848767692902
27.75	-26.3815053582232
27.7625	-26.3908449111278
27.775	-26.4057607077722
27.7875	-26.4077526564228
27.8	-26.4094786381785
27.8125	-26.4104105243204
27.825	-26.4140628170161
27.8375	-26.4177763196574
27.85	-26.4205028448065
27.8625	-26.4240604614918
27.875	-26.4273191488521
27.8875	-26.4295608274758
27.9	-26.4300000765486
27.9125	-26.430972113366
27.925	-26.4325013239916
27.9375	-26.4345036042692
27.95	-26.4455664582196
27.9625	-26.4634895953645
27.975	-26.4668871506726
27.9875	-26.4731710302455
28	-26.4760272126709
28.0125	-26.4840222074145
28.025	-26.484161892976
28.0375	-26.4863839177988
28.05	-26.4884980056444
28.0625	-26.490511838861
28.075	-26.4927192202101
28.0875	-26.4933831348624
28.1	-26.4948041763828
28.1125	-26.4964749324926
28.125	-26.4982113918244
28.1375	-26.4993811317463
28.15	-26.5005531388428
28.1625	-26.5015090376388
28.175	-26.5072834795024
28.1875	-26.5169740876721
28.2	-26.5293620823968
28.2125	-26.5549365799396
28.225	-26.5613418280975
28.2375	-26.5674180844136
28.25	-26.5723459705002
28.2625	-26.5768361846986
28.275	-26.5827545756396
28.2875	-26.5880963186484
28.3	-26.5927647235951
28.3125	-26.596636948453
28.325	-26.5992428665
28.3375	-26.6014038391493
28.35	-26.603348043409
28.3625	-26.6044472164139
28.375	-26.6052051927805
28.3875	-26.6058228974717
28.4	-26.6062028963627
28.4125	-26.6064572176738
28.425	-26.6067663928453
28.4375	-26.6070870651823
28.45	-26.6078626791434
28.4625	-26.6081245113962
28.475	-26.6082931809749
28.4875	-26.6083620393088
28.5	-26.6084111923399
28.5125	-26.6084388711444
28.525	-26.6084605200791
28.5375	-26.6084856622417
28.55	-26.6084930765538
28.5625	-26.6084998891895
28.575	-26.6085050933881
28.5875	-26.6085069538198
28.6	-26.6085090798857
28.6125	-26.6085119623595
28.625	-26.608514055066
28.6375	-26.6085148884077
28.65	-26.6085169942115
28.6625	-26.6085185837614
28.675	-26.6085250474029
28.6875	-26.6085305910959
28.7	-26.6085343325753
28.7125	-26.6085365077669
28.725	-26.60853878826
28.7375	-26.6085399652088
28.75	-26.6085419695164
28.7625	-26.608542678056
28.775	-26.6085438405375
28.7875	-26.6085465562879
28.8	-26.6085476734119
28.8125	-26.6085477240342
28.825	-26.6085477240342
28.8375	-26.6085477240342
28.85	-26.6085477240342
28.8625	-26.6085477240342
28.875	-26.6085477240342
28.8875	-26.6085477240342
28.9	-26.6085477240342
28.9125	-26.6085477240342
28.925	-26.6085477240342
28.9375	-26.6085477240342
28.95	-26.6085477240342
28.9625	-26.6085477240342
28.975	-26.6085477240342
28.9875	-26.6085477240342
29	-26.6085477240342
29.0125	-26.6085477240342
29.025	-26.6085477240342
29.0375	-26.6085477240342
29.05	-26.6085477240342
29.0625	-26.6085477240342
29.075	-26.6085477240342
29.0875	-26.6085477240342
29.1	-26.6085477240342
29.1125	-26.6085477240342
29.125	-26.6085477240342
29.1375	-26.6085477240342
29.15	-26.6085477240342
29.1625	-26.6085477240342
29.175	-26.6085477240342
29.1875	-26.6085477240342
29.2	-26.6085477240342
29.2125	-26.6085477240342
29.225	-26.6085477240342
29.2375	-26.6085477240342
29.25	-26.6085477240342
29.2625	-26.6085477240342
29.275	-26.6085477240342
29.2875	-26.6085477240342
29.3	-26.6085477240342
29.3125	-26.6085477240342
29.325	-26.6085477240342
29.3375	-26.6085477240342
29.35	-26.6085477240342
29.3625	-26.6085477240342
29.375	-26.6085477240342
29.3875	-26.6085477240342
29.4	-26.6085477240342
29.4125	-26.6085477240342
29.425	-26.6085477240342
29.4375	-26.6085477240342
29.45	-26.6085477240342
29.4625	-26.6085477240342
29.475	-26.6085477240342
29.4875	-26.6085477240342
29.5	-26.6085477240342
29.5125	-26.6085477240342
29.525	-26.6085477240342
29.5375	-26.6085477240342
29.55	-26.6085477240342
29.5625	-26.6085477240342
29.575	-26.6085477240342
29.5875	-26.6085477240342
29.6	-26.6085477240342
29.6125	-26.6085477240342
29.625	-26.6085477240342
29.6375	-26.6085477240342
29.65	-26.6085477240342
29.6625	-26.6085477240342
29.675	-26.6085477240342
29.6875	-26.6085477240342
29.7	-26.6085477240342
29.7125	-26.6085477240342
29.725	-26.6085477240342
29.7375	-26.6085477240342
29.75	-26.6085477240342
29.7625	-26.6085477240342
29.775	-26.6085477240342
29.7875	-26.6085477240342
29.8	-26.6085477240342
29.8125	-26.6085477240342
29.825	-26.6085477240342
29.8375	-26.6085477240342
29.85	-26.6085477240342
29.8625	-26.6085477240342
29.875	-26.6085477240342
29.8875	-26.6085477240342
29.9	-26.6085477240342
29.9125	-26.6085477240342
29.925	-26.6085477240342
29.9375	-26.6085477240342
29.95	-26.6085477240342
29.9625	-26.6085477240342
29.975	-26.6085477240342
29.9875	-26.6085477240342
30	-26.6085477240342
