0.0125	0
0.025	0
0.0375	0
0.05	0
0.0625	0
0.075	0
0.0875	0
0.1	0
0.1125	0
0.125	0
0.1375	0
0.15	0
0.1625	0
0.175	0
0.1875	0
0.2	0
0.2125	0
0.225	0
0.2375	0
0.25	0
0.2625	0
0.275	0
0.2875	0
0.3	0
0.3125	0
0.325	0
0.3375	0
0.35	0
0.3625	0
0.375	0
0.3875	0
0.4	0
0.4125	0
0.425	0
0.4375	0
0.45	0
0.4625	0
0.475	0
0.4875	0
0.5	0
0.5125	0
0.525	0
0.5375	0
0.55	0
0.5625	0
0.575	0
0.5875	0
0.6	0
0.6125	0
0.625	0
0.6375	0
0.65	0
0.6625	0
0.675	0
0.6875	0
0.7	0
0.7125	0
0.725	0
0.7375	0
0.75	0
0.7625	0
0.775	0
0.7875	0
0.8	0
0.8125	0
0.825	0
0.8375	0
0.85	0
0.8625	0
0.875	0
0.8875	0
0.9	0
0.9125	0
0.925	0
0.9375	0
0.95	0
0.9625	0
0.975	0
0.9875	0
1	0
1.0125	0
1.025	0
1.0375	0
1.05	0
1.0625	0
1.075	0
1.0875	0
1.1	0
1.1125	0
1.125	0
1.1375	0
1.15	0
1.1625	0
1.175	0
1.1875	0
1.2	0
1.2125	0
1.225	0
1.2375	0
1.25	0
1.2625	0
1.275	0
1.2875	0
1.3	0
1.3125	0
1.325	0
1.3375	-1.14267793237739e-05
1.35	-0.00106216039411024
1.3625	-0.00731183236684237
1.375	-0.024075723923781
1.3875	-0.057800872423786
1.4	-0.110583070810321
1.4125	-0.159343424590091
1.425	-0.221710877822515
1.4375	-0.283389964196933
1.45	-0.34747068014543
1.4625	-0.409891843723053
1.475	-0.46565888782565
1.4875	-0.543884617284028
1.5	-0.665716378271097
1.5125	-0.80651308093222
1.525	-0.925183312322451
1.5375	-1.01393741078631
1.55	-1.08025839804238
1.5625	-1.1266326548948
1.575	-1.17075927588834
1.5875	-1.21057606049274
1.6	-1.25454063295936
1.6125	-1.3191847173906
1.625	-1.39705445993746
1.6375	-1.48748268004176
1.65	-1.55958707352029
1.6625	-1.60805080038475
1.675	-1.64712637493203
1.6875	-1.69104897899123
1.7	-1.72786143010991
1.7125	-1.76049584587636
1.725	-1.81461404793438
1.7375	-1.90735062915057
1.75	-2.01400032262536
1.7625	-2.11088791895114
1.775	-2.17984221333169
1.7875	-2.23220071178219
1.8	-2.28809119311996
1.8125	-2.33617794397962
1.825	-2.36476563090772
1.8375	-2.41167476967256
1.85	-2.45344471516513
1.8625	-2.50421730475331
1.875	-2.58914705628954
1.8875	-2.64732523194159
1.9	-2.6861383873772
1.9125	-2.71076480334767
1.925	-2.74062828596371
1.9375	-2.76938365217592
1.95	-2.80263068642391
1.9625	-2.87040531200585
1.975	-2.92090977119777
1.9875	-3.02530933478853
2	-3.08499293084933
2.0125	-3.16301145614988
2.025	-3.24256897160467
2.0375	-3.31157940907476
2.05	-3.36507433799421
2.0625	-3.42164809740951
2.075	-3.4594395152195
2.0875	-3.53635431869821
2.1	-3.58242371577223
2.1125	-3.67406865167216
2.125	-3.75851079522023
2.1375	-3.82255236794153
2.15	-3.89291263699498
2.1625	-3.92910755624877
2.175	-3.97227553538896
2.1875	-4.03946761178134
2.2	-4.08514078164689
2.2125	-4.15188796693022
2.225	-4.19912683207534
2.2375	-4.26249897795048
2.25	-4.33106747522102
2.2625	-4.37574647359751
2.275	-4.3998618237949
2.2875	-4.41870165337353
2.3	-4.44432841944235
2.3125	-4.47634856502153
2.325	-4.50226113427047
2.3375	-4.51432593073108
2.35	-4.52045438606972
2.3625	-4.53002881852489
2.375	-4.5393913724689
2.3875	-4.55314527716319
2.4	-4.56841495842962
2.4125	-4.57860989546063
2.425	-4.58589998498301
2.4375	-4.59413033916478
2.45	-4.61300878454689
2.4625	-4.62982355065983
2.475	-4.6568072722006
2.4875	-4.69353913309973
2.5	-4.72364456413397
2.5125	-4.75367447270451
2.525	-4.77271243050496
2.5375	-4.78970558408923
2.55	-4.8136471822213
2.5625	-4.83407335074762
2.575	-4.84329385663157
2.5875	-4.8494260248481
2.6	-4.85234503250105
2.6125	-4.85811935957344
2.625	-4.86083945146251
2.6375	-4.86678123344261
2.65	-4.86910413598892
2.6625	-4.87376862868032
2.675	-4.87848076302516
2.6875	-4.88359159525343
2.7	-4.88833542398566
2.7125	-4.89397841280036
2.725	-4.90225657113092
2.7375	-4.91908772878823
2.75	-4.93072310275857
2.7625	-4.93669033985003
2.775	-4.94441574059913
2.7875	-4.95198563683468
2.8	-4.97123868340885
2.8125	-4.98976762528667
2.825	-5.00592713334087
2.8375	-5.0218490255162
2.85	-5.03431464486891
2.8625	-5.04786015126955
2.875	-5.06340785027852
2.8875	-5.07976957674632
2.9	-5.09238743060387
2.9125	-5.10784574853656
2.925	-5.11713885332893
2.9375	-5.12468626510531
2.95	-5.1347220221205
2.9625	-5.14358304230578
2.975	-5.14857586512204
2.9875	-5.15463609349036
3	-5.16269890941954
3.0125	-5.18189002081155
3.025	-5.20233982799087
3.0375	-5.22122715233499
3.05	-5.23912597827213
3.0625	-5.25299695207703
3.075	-5.26314124558508
3.0875	-5.27975393006311
3.1	-5.30243943038405
3.1125	-5.33608175150299
3.125	-5.35994412178771
3.1375	-5.39172530125652
3.15	-5.42853757352486
3.1625	-5.45746545124976
3.175	-5.47858092224971
3.1875	-5.52489549824262
3.2	-5.55159689299674
3.2125	-5.57772306131789
3.225	-5.5902380642311
3.2375	-5.60472204028503
3.25	-5.61318944512963
3.2625	-5.62526310670217
3.275	-5.63220490092616
3.2875	-5.63621714581496
3.3	-5.64235271905919
3.3125	-5.64801265705731
3.325	-5.65383358215683
3.3375	-5.65958549929419
3.35	-5.66652440377775
3.3625	-5.67247400956107
3.375	-5.68188111057846
3.3875	-5.68408859451827
3.4	-5.68845127095658
3.4125	-5.69291202968632
3.425	-5.69773807967527
3.4375	-5.70555433090384
3.45	-5.71745957598467
3.4625	-5.72990642676922
3.475	-5.74862179450285
3.4875	-5.76411308509916
3.5	-5.76988504899823
3.5125	-5.77684796803983
3.525	-5.7887390603446
3.5375	-5.80139711511496
3.55	-5.80981310498529
3.5625	-5.82128189443944
3.575	-5.83330671378986
3.5875	-5.84355069858722
3.6	-5.85500809287618
3.6125	-5.86683120509806
3.625	-5.87745235778372
3.6375	-5.88682243154068
3.65	-5.89072625679282
3.6625	-5.89944717434127
3.675	-5.90846263451759
3.6875	-5.92030822979449
3.7	-5.92723606812467
3.7125	-5.93278774181848
3.725	-5.93745203684545
3.7375	-5.9419964982699
3.75	-5.94507005464513
3.7625	-5.94844754013592
3.775	-5.94851073541613
3.7875	-5.95153688573263
3.8	-5.95222026883666
3.8125	-5.95458826314146
3.825	-5.95459684173698
3.8375	-5.9572046726958
3.85	-5.9583265751753
3.8625	-5.95986575025459
3.875	-5.96194073377228
3.8875	-5.96477596315944
3.9	-5.96824043478898
3.9125	-5.96978489002969
3.925	-5.97132399568532
3.9375	-5.97378747776113
3.95	-5.9778831276806
3.9625	-5.98116979794628
3.975	-5.98967452073961
3.9875	-5.99519529060962
4	-5.99979116924559
4.0125	-6.00378768936293
4.025	-6.00523575805487
4.0375	-6.00652210562987
4.05	-6.00841185901536
4.0625	-6.01095219682113
4.075	-6.01329274922993
4.0875	-6.01472080869136
4.1	-6.01661512407247
4.1125	-6.0181979551998
4.125	-6.01880224701991
4.1375	-6.0200115870033
4.15	-6.01968639115176
4.1625	-6.02045515042398
4.175	-6.02088764131776
4.1875	-6.02167540727721
4.2	-6.02342033965097
4.2125	-6.02683305021353
4.225	-6.02826975910911
4.2375	-6.02965479352477
4.25	-6.03137736529261
4.2625	-6.03295848802804
4.275	-6.03359507889325
4.2875	-6.03713900639515
4.3	-6.04271655081585
4.3125	-6.04757019532796
4.325	-6.05066910381713
4.3375	-6.0531460614245
4.35	-6.05764400023876
4.3625	-6.05992946801174
4.375	-6.06130567890149
4.3875	-6.06194575182176
4.4	-6.06208869669669
4.4125	-6.06509561053858
4.425	-6.06663944672895
4.4375	-6.06901000351303
4.45	-6.07101482079931
4.4625	-6.0753653915282
4.475	-6.08033343500638
4.4875	-6.0824936993996
4.5	-6.08472813691771
4.5125	-6.08692977614195
4.525	-6.08947848235133
4.5375	-6.0923962707843
4.55	-6.0993517513649
4.5625	-6.10586862617156
4.575	-6.11185477329908
4.5875	-6.11654925974539
4.6	-6.12484435386993
4.6125	-6.14976832495086
4.625	-6.1819991786037
4.6375	-6.20504826324175
4.65	-6.21491337714105
4.6625	-6.21919033355177
4.675	-6.22622920242993
4.6875	-6.23201431501451
4.7	-6.23960455903458
4.7125	-6.24428924103967
4.725	-6.25176294627018
4.7375	-6.25328502490693
4.75	-6.25594937581457
4.7625	-6.25687621684545
4.775	-6.26057337874398
4.7875	-6.26326430425428
4.8	-6.26553791160446
4.8125	-6.26830245494186
4.825	-6.27158046120008
4.8375	-6.27776741384694
4.85	-6.28591804920221
4.8625	-6.29343078094069
4.875	-6.30570289358008
4.8875	-6.31523077363301
4.9	-6.33501991715495
4.9125	-6.35499822549147
4.925	-6.38472371855958
4.9375	-6.42746155088525
4.95	-6.45902052092554
4.9625	-6.49446729147926
4.975	-6.51654141548177
4.9875	-6.52715162856805
5	-6.54531177181708
5.0125	-6.56147913744905
5.025	-6.57355871346026
5.0375	-6.58353106583899
5.05	-6.6100441690068
5.0625	-6.65170239577715
5.075	-6.66623125769991
5.0875	-6.70991358761656
5.1	-6.74941257710076
5.1125	-6.76975214358143
5.125	-6.78835759196353
5.1375	-6.80741568884183
5.15	-6.8241229542047
5.1625	-6.83121222143343
5.175	-6.83825282560309
5.1875	-6.84753923910342
5.2	-6.85404034855379
5.2125	-6.86419408301988
5.225	-6.87080927547437
5.2375	-6.87942609120569
5.25	-6.89463231078267
5.2625	-6.89972398426238
5.275	-6.90811126278815
5.2875	-6.91446098674939
5.3	-6.92237189617058
5.3125	-6.92981647017832
5.325	-6.93731142474117
5.3375	-6.94523217572011
5.35	-6.95250013059481
5.3625	-6.95646794974021
5.375	-6.95859469252683
5.3875	-6.96532266562923
5.4	-6.96922784042333
5.4125	-6.97174892255713
5.425	-6.9758565767846
5.4375	-6.97901404264294
5.45	-6.98327445590469
5.4625	-6.98897475825967
5.475	-7.00172885593987
5.4875	-7.00720195462633
5.5	-7.0145937569342
5.5125	-7.01962816472802
5.525	-7.02570105675704
5.5375	-7.0328842065216
5.55	-7.03942301872674
5.5625	-7.04446777965625
5.575	-7.05479438677556
5.5875	-7.0606532986883
5.6	-7.06703189811171
5.6125	-7.07157094990863
5.625	-7.07626852913944
5.6375	-7.08496699623724
5.65	-7.08869543235064
5.6625	-7.09580585807694
5.675	-7.10065117531429
5.6875	-7.10523059763002
5.7	-7.11166835827546
5.7125	-7.12711004776813
5.725	-7.13935375044069
5.7375	-7.15214263305538
5.75	-7.16022890909413
5.7625	-7.16452962650757
5.775	-7.16885609714727
5.7875	-7.17540533339131
5.8	-7.18326438451104
5.8125	-7.19155394567959
5.825	-7.20334958054891
5.8375	-7.20675670029418
5.85	-7.21410445113394
5.8625	-7.21731993889992
5.875	-7.22020017524957
5.8875	-7.22707538030514
5.9	-7.23367932519217
5.9125	-7.23689744435982
5.925	-7.24048916702865
5.9375	-7.24301495872136
5.95	-7.24779448239125
5.9625	-7.25192741835365
5.975	-7.25335251590279
5.9875	-7.25810284565612
6	-7.26180601121329
6.0125	-7.26453766160799
6.025	-7.26916528546307
6.0375	-7.27329456160354
6.05	-7.27697384894958
6.0625	-7.28300707439407
6.075	-7.2871499676315
6.0875	-7.28921139066505
6.1	-7.29142686162993
6.1125	-7.29472746760587
6.125	-7.2961061549063
6.1375	-7.29854013823876
6.15	-7.30102350331927
6.1625	-7.30228298612426
6.175	-7.30802098964374
6.1875	-7.31035318728139
6.2	-7.31617370737746
6.2125	-7.32503871292384
6.225	-7.32961176137992
6.2375	-7.33785597161001
6.25	-7.35452546793113
6.2625	-7.38714651920405
6.275	-7.41664582304161
6.2875	-7.44561966323164
6.3	-7.47121887316949
6.3125	-7.50268584791105
6.325	-7.5351290807999
6.3375	-7.54791351876259
6.35	-7.56140595440253
6.3625	-7.5733290501212
6.375	-7.58770183026226
6.3875	-7.59938591949801
6.4	-7.61232787535157
6.4125	-7.62053948755725
6.425	-7.63311197521245
6.4375	-7.64399887181903
6.45	-7.65595517309506
6.4625	-7.66801850665319
6.475	-7.67704389413137
6.4875	-7.68310669562656
6.5	-7.68919880056818
6.5125	-7.69464489800743
6.525	-7.69887547871568
6.5375	-7.70394384113488
6.55	-7.70689218507351
6.5625	-7.71038382090088
6.575	-7.71433348538042
6.5875	-7.71651347787492
6.6	-7.7201316686074
6.6125	-7.7224329291174
6.625	-7.72434701933238
6.6375	-7.72699505806203
6.65	-7.72887518737994
6.6625	-7.73041085225475
6.675	-7.7320228583444
6.6875	-7.73397279554786
6.7	-7.73757686377044
6.7125	-7.73932899583466
6.725	-7.7421662191421
6.7375	-7.74450768976669
6.75	-7.74729331144188
6.7625	-7.74839700290356
6.775	-7.75102587374297
6.7875	-7.75267443996464
6.8	-7.75358324740975
6.8125	-7.75563915577961
6.825	-7.75698179846823
6.8375	-7.75768594251649
6.85	-7.75942969092496
6.8625	-7.76027741008935
6.875	-7.76083450730376
6.8875	-7.76149069585562
6.9	-7.76196043805186
6.9125	-7.76241078898112
6.925	-7.76265161802702
6.9375	-7.76377462489844
6.95	-7.76486988445467
6.9625	-7.76572174945067
6.975	-7.76793443037157
6.9875	-7.76873676713598
7	-7.77042551055969
7.0125	-7.77227940866684
7.025	-7.77255499829423
7.0375	-7.77243524992297
7.05	-7.77222776378141
7.0625	-7.77284145094021
7.075	-7.77358303903479
7.0875	-7.77419260183798
7.1	-7.77480165498856
7.1125	-7.77556923779412
7.125	-7.77625351236494
7.1375	-7.77775610387642
7.15	-7.77874733661576
7.1625	-7.78000737154466
7.175	-7.78203605744893
7.1875	-7.78401984915364
7.2	-7.78589338420709
7.2125	-7.78781818697096
7.225	-7.78942775541136
7.2375	-7.79223081611424
7.25	-7.79397194795613
7.2625	-7.79479030395465
7.275	-7.7961735741318
7.2875	-7.7972008133249
7.3	-7.79827933260588
7.3125	-7.79894877554325
7.325	-7.79912969449156
7.3375	-7.79889815843052
7.35	-7.79885441741299
7.3625	-7.79902753056826
7.375	-7.79957170601536
7.3875	-7.80141163875664
7.4	-7.80204864485778
7.4125	-7.80251995754643
7.425	-7.8029770409583
7.4375	-7.80310353056372
7.45	-7.80341652164383
7.4625	-7.80423281694166
7.475	-7.80523110094548
7.4875	-7.8061304928871
7.5	-7.80710989008975
7.5125	-7.80776289971651
7.525	-7.80847983193928
7.5375	-7.80922597398679
7.55	-7.81045411940857
7.5625	-7.81149190049908
7.575	-7.81250148759509
7.5875	-7.81325352407914
7.6	-7.81441916553888
7.6125	-7.81461957357624
7.625	-7.81550875695509
7.6375	-7.81647950416447
7.65	-7.81724486119233
7.6625	-7.81857987794835
7.675	-7.8195738261168
7.6875	-7.82023776362628
7.7	-7.82147972620647
7.7125	-7.82297300022429
7.725	-7.82507423808164
7.7375	-7.82725583527451
7.75	-7.82874769590021
7.7625	-7.83132284399929
7.775	-7.83321265205356
7.7875	-7.83329872761125
7.8	-7.8333944453794
7.8125	-7.83437277588905
7.825	-7.83761268971276
7.8375	-7.83907616318393
7.85	-7.84254254043953
7.8625	-7.84636455155592
7.875	-7.8495435011763
7.8875	-7.85385902713688
7.9	-7.85572551177345
7.9125	-7.85804266399729
7.925	-7.86018139684638
7.9375	-7.86275272584216
7.95	-7.86721288804952
7.9625	-7.87282978359328
7.975	-7.87932407696264
7.9875	-7.88153438109076
8	-7.88577524739487
8.0125	-7.88965267593736
8.025	-7.89136296729082
8.0375	-7.89371651814002
8.05	-7.89614664501675
8.0625	-7.89814862782447
8.075	-7.90186230782876
8.0875	-7.90653444928072
8.1	-7.91035370490396
8.1125	-7.91495983610389
8.125	-7.91825747022696
8.1375	-7.92064051670959
8.15	-7.92320821277833
8.1625	-7.92679737209004
8.175	-7.93382323261139
8.1875	-7.94498474048701
8.2	-7.95423159351218
8.2125	-7.96420873765256
8.225	-7.96875798486714
8.2375	-7.97816878110649
8.25	-7.98027487805375
8.2625	-7.98469426799381
8.275	-7.98843138004258
8.2875	-7.99851862734376
8.3	-8.00696971111701
8.3125	-8.00959306477586
8.325	-8.01299596339829
8.3375	-8.01372971939144
8.35	-8.01479620182694
8.3625	-8.01800764696983
8.375	-8.02139789379625
8.3875	-8.02569312995917
8.4	-8.03053750868494
8.4125	-8.03325200462318
8.425	-8.03624697344073
8.4375	-8.0388961870749
8.45	-8.04051667662263
8.4625	-8.0431640576328
8.475	-8.04512301334359
8.4875	-8.05219141172357
8.5	-8.05812741127345
8.5125	-8.0646362640477
8.525	-8.06781498801674
8.5375	-8.07260470107474
8.55	-8.07631333128983
8.5625	-8.07954527085894
8.575	-8.08163235446451
8.5875	-8.08342544809936
8.6	-8.08659987408021
8.6125	-8.09127635708078
8.625	-8.10291126311088
8.6375	-8.11314148849622
8.65	-8.12151699513095
8.6625	-8.13053218807926
8.675	-8.13659359594295
8.6875	-8.1443170475337
8.7	-8.14865024173726
8.7125	-8.15176271287964
8.725	-8.15360509901496
8.7375	-8.15842685193343
8.75	-8.16142289115966
8.7625	-8.16592152287235
8.775	-8.16789161365229
8.7875	-8.16889971234362
8.8	-8.17057082510436
8.8125	-8.17299631130597
8.825	-8.1751707875702
8.8375	-8.17734902586159
8.85	-8.18026430450978
8.8625	-8.18147059026056
8.875	-8.18407769122077
8.8875	-8.18704058580173
8.9	-8.18974127819184
8.9125	-8.19159000420106
8.925	-8.19270863061774
8.9375	-8.19333985226645
8.95	-8.19401776388267
8.9625	-8.1950950928968
8.975	-8.19627841272397
8.9875	-8.19717853715178
9	-8.19854253513449
9.0125	-8.1995904738659
9.025	-8.20240498688659
9.0375	-8.20508478347679
9.05	-8.20824776771987
9.0625	-8.21180583188983
9.075	-8.21936669984129
9.0875	-8.22527301829208
9.1	-8.23204998509433
9.1125	-8.23522619814009
9.125	-8.23930834199935
9.1375	-8.24385167944007
9.15	-8.24688352043186
9.1625	-8.24985676999063
9.175	-8.25079588754892
9.1875	-8.25300863853256
9.2	-8.25559842605799
9.2125	-8.25690706579772
9.225	-8.25937586127197
9.2375	-8.26308097071532
9.25	-8.26532747073931
9.2625	-8.27151154049989
9.275	-8.27720937730321
9.2875	-8.29181249462099
9.3	-8.30474152908389
9.3125	-8.32335004210274
9.325	-8.34276206002947
9.3375	-8.36331933003155
9.35	-8.38123678343792
9.3625	-8.39597569744044
9.375	-8.40968459697753
9.3875	-8.42522366555911
9.4	-8.43260054508716
9.4125	-8.44682022490386
9.425	-8.45564869676613
9.4375	-8.47312069934331
9.45	-8.48152779834347
9.4625	-8.49737372051701
9.475	-8.50278541493408
9.4875	-8.50989109596362
9.5	-8.51390517235282
9.5125	-8.52873248980162
9.525	-8.54459068626459
9.5375	-8.55201218248503
9.55	-8.56555681556064
9.5625	-8.57910646077277
9.575	-8.59129041333393
9.5875	-8.60713878819777
9.6	-8.63906446138011
9.6125	-8.65094450970652
9.625	-8.66104871040785
9.6375	-8.67264018938208
9.65	-8.68677184447784
9.6625	-8.69555454796236
9.675	-8.70079520468279
9.6875	-8.70932906762942
9.7	-8.71583506453743
9.7125	-8.71922001592544
9.725	-8.72160659589769
9.7375	-8.72483327138873
9.75	-8.73027196231699
9.7625	-8.73680781031208
9.775	-8.74933098643388
9.7875	-8.75920584077368
9.8	-8.7707311943345
9.8125	-8.77659607716956
9.825	-8.78051122088728
9.8375	-8.7959284536489
9.85	-8.80455414679805
9.8625	-8.81070482133363
9.875	-8.8143270084486
9.8875	-8.81742451893813
9.9	-8.82464808323164
9.9125	-8.82800719974647
9.925	-8.83261554127409
9.9375	-8.83851104458969
9.95	-8.84299167496168
9.9625	-8.84681985051288
9.975	-8.84817324712852
9.9875	-8.85029757575099
10	-8.8546093851496
10.0125	-8.85885954049665
10.025	-8.86210558310191
10.0375	-8.86361684572591
10.05	-8.86463655572382
10.0625	-8.86703534586101
10.075	-8.86775385996823
10.0875	-8.86773234641045
10.1	-8.86841196645888
10.1125	-8.87243866975918
10.125	-8.87642575935678
10.1375	-8.88111399186927
10.15	-8.88409198636388
10.1625	-8.88906309454819
10.175	-8.89327585451275
10.1875	-8.90046007050819
10.2	-8.90590708584869
10.2125	-8.91303359976613
10.225	-8.92002710943068
10.2375	-8.92471683197584
10.25	-8.93221729986734
10.2625	-8.93537625254404
10.275	-8.93808413224135
10.2875	-8.94083770616388
10.3	-8.94269251357714
10.3125	-8.94669817598882
10.325	-8.95234247122225
10.3375	-8.95640845981919
10.35	-8.95964813535159
10.3625	-8.96327407985968
10.375	-8.96576652324928
10.3875	-8.96912546317515
10.4	-8.97308001903675
10.4125	-8.97631351822535
10.425	-8.97942541792687
10.4375	-8.98252612634919
10.45	-8.98497599638371
10.4625	-8.98759129290867
10.475	-8.98938885840116
10.4875	-8.99045143870589
10.5	-8.99040577891633
10.5125	-8.9916378035439
10.525	-8.99249249451752
10.5375	-8.99391168138925
10.55	-8.99740527826055
10.5625	-9.00003494490168
10.575	-9.00219716389212
10.5875	-9.00394997528174
10.6	-9.00529969690489
10.6125	-9.00640654221179
10.625	-9.00883871281798
10.6375	-9.01051871780907
10.65	-9.01136092018605
10.6625	-9.01291332987164
10.675	-9.01528590471617
10.6875	-9.01584523952288
10.7	-9.01717833312583
10.7125	-9.01842704508126
10.725	-9.01978890647541
10.7375	-9.02133502278208
10.75	-9.0231318127852
10.7625	-9.02708383786222
10.775	-9.02897060576978
10.7875	-9.03149741988652
10.8	-9.0356851689965
10.8125	-9.0370734125142
10.825	-9.03995073799147
10.8375	-9.04446342603888
10.85	-9.04563772364529
10.8625	-9.04735238152583
10.875	-9.0477904092275
10.8875	-9.04997837553639
10.9	-9.05073840179061
10.9125	-9.0557415544195
10.925	-9.06139350164505
10.9375	-9.07295910259323
10.95	-9.0847749600189
10.9625	-9.09240949576657
10.975	-9.09715420223303
10.9875	-9.10291444363775
11	-9.10707288599195
11.0125	-9.11335607443073
11.025	-9.11756090391039
11.0375	-9.12277635265353
11.05	-9.1330415347207
11.0625	-9.14028407844842
11.075	-9.14904574346797
11.0875	-9.15216447858651
11.1	-9.16074994614945
11.1125	-9.16409939659981
11.125	-9.16816090608369
11.1375	-9.17029202769599
11.15	-9.17228366238511
11.1625	-9.17469420554356
11.175	-9.17702071076751
11.1875	-9.18057717222917
11.2	-9.18395746431977
11.2125	-9.18933675968999
11.225	-9.19522086792508
11.2375	-9.19908520602429
11.25	-9.20599293680711
11.2625	-9.21121051812915
11.275	-9.21742813203711
11.2875	-9.22196665421432
11.3	-9.22496330874777
11.3125	-9.23065491562304
11.325	-9.2389547587928
11.3375	-9.25038864113999
11.35	-9.25725373617692
11.3625	-9.26477365195576
11.375	-9.27275087235623
11.3875	-9.27975457767255
11.4	-9.28521172445269
11.4125	-9.29057300411629
11.425	-9.29452597579901
11.4375	-9.2989219205659
11.45	-9.3045696560157
11.4625	-9.3098214228036
11.475	-9.31576882257791
11.4875	-9.32033533101022
11.5	-9.32373103082414
11.5125	-9.32681415492325
11.525	-9.32980042300373
11.5375	-9.33254546238078
11.55	-9.33826473946024
11.5625	-9.34611177173722
11.575	-9.35245895301254
11.5875	-9.36215436276606
11.6	-9.37053739601126
11.6125	-9.38018836285788
11.625	-9.38837032148255
11.6375	-9.40527391919024
11.65	-9.41949818115494
11.6625	-9.43290732581453
11.675	-9.46015585046805
11.6875	-9.51741171859687
11.7	-9.65645551820428
11.7125	-9.78335587146449
11.725	-9.94093139854536
11.7375	-10.0534721509654
11.75	-10.21037009678
11.7625	-10.4065458020162
11.775	-10.5068405213103
11.7875	-10.5796145286021
11.8	-10.7328256739815
11.8125	-10.8569677087617
11.825	-10.9168259486075
11.8375	-10.9373283828475
11.85	-10.9938798974237
11.8625	-11.1773659177156
11.875	-11.2528253036289
11.8875	-11.3043283925947
11.9	-11.3910670229909
11.9125	-11.4647333151197
11.925	-11.8154361079372
11.9375	-12.0224513532391
11.95	-12.1390024309463
11.9625	-12.3384480686152
11.975	-12.4494238125959
11.9875	-12.553978134756
12	-12.729643665504
12.0125	-12.774594014651
12.025	-12.9567735355985
12.0375	-13.0560882565477
12.05	-13.1554569956691
12.0625	-13.2111324620188
12.075	-13.2537716100105
12.0875	-13.5317006496635
12.1	-13.6713464371668
12.1125	-13.7796289046536
12.125	-13.8683833494847
12.1375	-14.0479870406398
12.15	-14.1014082227908
12.1625	-14.1539357293945
12.175	-14.2343534112005
12.1875	-14.3830373767348
12.2	-14.5777288239806
12.2125	-14.7316719540735
12.225	-14.9401578241859
12.2375	-15.0769587838193
12.25	-15.3177526200828
12.2625	-15.453723468172
12.275	-15.5301828916389
12.2875	-15.822023734183
12.3	-15.8630194506033
12.3125	-16.0302894936653
12.325	-16.0545081522393
12.3375	-16.1396456191654
12.35	-16.2233781938255
12.3625	-16.2462792140676
12.375	-16.3068985912139
12.3875	-16.3460368038754
12.4	-16.5229213656389
12.4125	-16.5581702271666
12.425	-16.6352462396497
12.4375	-16.7198256196756
12.45	-16.8158702657671
12.4625	-16.8815356346557
12.475	-16.9505195865814
12.4875	-17.0187632584999
12.5	-17.0652886444014
12.5125	-17.1263580616255
12.525	-17.2151048012078
12.5375	-17.2697939885724
12.55	-17.3539408488849
12.5625	-17.4055409626875
12.575	-17.5679608765872
12.5875	-17.6223519314961
12.6	-17.7599371272679
12.6125	-17.8170786665661
12.625	-17.9644548375275
12.6375	-18.0479636418587
12.65	-18.1638668116543
12.6625	-18.2382349410887
12.675	-18.306075174042
12.6875	-18.3831436537
12.7	-18.4717083284541
12.7125	-18.4634070795173
12.725	-18.5709652127597
12.7375	-18.5976077933332
12.75	-18.6236415947261
12.7625	-18.7189198043367
12.775	-18.7608483261721
12.7875	-18.7703826588194
12.8	-18.8095753316995
12.8125	-18.8256057921648
12.825	-18.9100836554995
12.8375	-19.0007625415116
12.85	-19.0433326890772
12.8625	-19.079975724223
12.875	-19.1317293146216
12.8875	-19.2120177557481
12.9	-19.2879041247744
12.9125	-19.3669295638585
12.925	-19.4098402295979
12.9375	-19.4702982055773
12.95	-19.491440215746
12.9625	-19.5926724046734
12.975	-19.6253779752191
12.9875	-19.701082299005
13	-19.7718800700631
13.0125	-19.8249149498257
13.025	-19.9146891751656
13.0375	-19.9767934408331
13.05	-20.0976372381198
13.0625	-20.1857393859527
13.075	-20.2295049654911
13.0875	-20.2489711467059
13.1	-20.2830525618596
13.1125	-20.3552597897771
13.125	-20.4360032355788
13.1375	-20.4972507343114
13.15	-20.5444929651467
13.1625	-20.6055976455794
13.175	-20.6631188177524
13.1875	-20.6899144700945
13.2	-20.7144906718099
13.2125	-20.7295321948691
13.225	-20.7482314819461
13.2375	-20.7942405790504
13.25	-20.8221352184438
13.2625	-20.8443010133379
13.275	-20.8865817923796
13.2875	-20.9081121677076
13.3	-20.9963288243546
13.3125	-21.0305736757157
13.325	-21.1462042252982
13.3375	-21.1921803348386
13.35	-21.2262605443394
13.3625	-21.2885853448244
13.375	-21.3480848706711
13.3875	-21.3815852086536
13.4	-21.4270086240166
13.4125	-21.4780916377529
13.425	-21.5043504358485
13.4375	-21.524139240011
13.45	-21.5390435574188
13.4625	-21.568955258029
13.475	-21.6080113887601
13.4875	-21.6778997775658
13.5	-21.8190931916428
13.5125	-21.9328093157909
13.525	-22.0331605392179
13.5375	-22.1504592994242
13.55	-22.3204771057406
13.5625	-22.3988798918947
13.575	-22.4793853942311
13.5875	-22.584978090312
13.6	-22.6197367241954
13.6125	-22.715577337925
13.625	-22.7752955633855
13.6375	-22.8210839858328
13.65	-22.8992248754991
13.6625	-22.9370416324905
13.675	-23.0543737244116
13.6875	-23.1323408906213
13.7	-23.1915945492903
13.7125	-23.231919432093
13.725	-23.2663101863754
13.7375	-23.2928250803749
13.75	-23.3478492258141
13.7625	-23.3903407804848
13.775	-23.3886548833231
13.7875	-23.3852703889685
13.8	-23.3913508719619
13.8125	-23.398315220088
13.825	-23.3565381331372
13.8375	-23.2986959329679
13.85	-23.2701768634359
13.8625	-23.2452476404302
13.875	-23.214331346852
13.8875	-23.2430680460839
13.9	-23.2541155490632
13.9125	-23.3088630999703
13.925	-23.3518011278224
13.9375	-23.3785120192066
13.95	-23.4184575425695
13.9625	-23.4639806460924
13.975	-23.5335015876621
13.9875	-23.5863084816526
14	-23.6450643993137
14.0125	-23.6800500932081
14.025	-23.7375994303073
14.0375	-23.810370664779
14.05	-23.8553607689909
14.0625	-23.8886610348028
14.075	-23.9121822481819
14.0875	-23.9570927768451
14.1	-24.0070564443988
14.1125	-24.0228648785714
14.125	-24.0382727180136
14.1375	-24.0640451120402
14.15	-24.0734745825395
14.1625	-24.0870435665795
14.175	-24.1613201169476
14.1875	-24.2028329524101
14.2	-24.2069390205428
14.2125	-24.2575645527063
14.225	-24.3016432762261
14.2375	-24.3556880539264
14.25	-24.3862898449611
14.2625	-24.4267126195829
14.275	-24.4913751810325
14.2875	-24.531332892167
14.3	-24.5777510072037
14.3125	-24.632112068906
14.325	-24.6809156361919
14.3375	-24.7425784160652
14.35	-24.7667968779838
14.3625	-24.7853525620256
14.375	-24.7899314616358
14.3875	-24.802821464787
14.4	-24.8119672923806
14.4125	-24.8485922461143
14.425	-24.863923793019
14.4375	-24.8786066851102
14.45	-24.9045392079754
14.4625	-24.9149228898781
14.475	-24.9509505042367
14.4875	-24.9677424110996
14.5	-24.9950815128846
14.5125	-25.0204320482851
14.525	-25.0482804054905
14.5375	-25.0560962923657
14.55	-25.059796763968
14.5625	-25.0754430825105
14.575	-25.0782962114607
14.5875	-25.0977495068639
14.6	-25.1010820105773
14.6125	-25.1077181242441
14.625	-25.1093639889915
14.6375	-25.1189451088731
14.65	-25.1236952643493
14.6625	-25.1308141654916
14.675	-25.1445198839773
14.6875	-25.1456702403832
14.7	-25.15198205086
14.7125	-25.1745728030003
14.725	-25.1836793861747
14.7375	-25.1810699834388
14.75	-25.1826065424414
14.7625	-25.172605705642
14.775	-25.1662702191672
14.7875	-25.1778561334771
14.8	-25.1797663849725
14.8125	-25.1860404575168
14.825	-25.1789508323069
14.8375	-25.1972148803243
14.85	-25.2195202763154
14.8625	-25.2491603515535
14.875	-25.2382484230498
14.8875	-25.2544671867307
14.9	-25.2719018429862
14.9125	-25.2846542163
14.925	-25.3211769166206
14.9375	-25.3321240746614
14.95	-25.3284544970856
14.9625	-25.3284127595897
14.975	-25.3676120250378
14.9875	-25.3673794904469
15	-25.3718203529879
15.0125	-25.399892103205
15.025	-25.4189710983388
15.0375	-25.4159427479182
15.05	-25.4171114826948
15.0625	-25.4285943954334
15.075	-25.4496698084948
15.0875	-25.4631150848981
15.1	-25.4992471078734
15.1125	-25.4965458100575
15.125	-25.5023373166529
15.1375	-25.5233102485335
15.15	-25.5410581422753
15.1625	-25.520138934448
15.175	-25.5256010192971
15.1875	-25.5449909259109
15.2	-25.5682381665918
15.2125	-25.5990989579689
15.225	-25.5937161568895
15.2375	-25.6178008894213
15.25	-25.6235681331434
15.2625	-25.6467544930897
15.275	-25.67288872342
15.2875	-25.7088334723001
15.3	-25.7537811709459
15.3125	-25.7504090428929
15.325	-25.7888115154896
15.3375	-25.8287775285521
15.35	-25.9128100714466
15.3625	-25.9144588248078
15.375	-25.936097451077
15.3875	-25.9744783717048
15.4	-26.0020467363347
15.4125	-26.0128786125458
15.425	-26.0275775238247
15.4375	-26.0628053319576
15.45	-26.0914893404332
15.4625	-26.1286037723547
15.475	-26.1195491149148
15.4875	-26.0788635417343
15.5	-26.1220966573412
15.5125	-26.0690204822004
15.525	-26.1027298411212
15.5375	-26.1342887138784
15.55	-26.1573045968865
15.5625	-26.187802770481
15.575	-26.2358515955297
15.5875	-26.2409114587536
15.6	-26.2548167918447
15.6125	-26.2551478655418
15.625	-26.2801274944425
15.6375	-26.3031705213723
15.65	-26.3130901517729
15.6625	-26.325997800293
15.675	-26.3341016241504
15.6875	-26.3414695199637
15.7	-26.3550780124414
15.7125	-26.344371316865
15.725	-26.349515570051
15.7375	-26.3579202339624
15.75	-26.3682960234011
15.7625	-26.3815207979003
15.775	-26.3909346135241
15.7875	-26.4031400030083
15.8	-26.4011923976227
15.8125	-26.4148439274529
15.825	-26.3854606837059
15.8375	-26.3860994378255
15.85	-26.387701250642
15.8625	-26.4034444075386
15.875	-26.3964898289385
15.8875	-26.3949915168349
15.9	-26.408417734797
15.9125	-26.4160952804003
15.925	-26.4324328418817
15.9375	-26.4390954630591
15.95	-26.4568316031185
15.9625	-26.4549190479867
15.975	-26.4728680810462
15.9875	-26.4881419043731
16	-26.5206854458227
16.0125	-26.5334508639163
16.025	-26.5839818895303
16.0375	-26.6168929178747
16.05	-26.6269032006151
16.0625	-26.64032383101
16.075	-26.6521361196148
16.0875	-26.6729091193822
16.1	-26.6959625377259
16.1125	-26.7302512882656
16.125	-26.7212407726289
16.1375	-26.7396748464924
16.15	-26.7676024696458
16.1625	-26.7727581128187
16.175	-26.8239045569358
16.1875	-26.828246307268
16.2	-26.8322277445842
16.2125	-26.8435441697235
16.225	-26.8471268915113
16.2375	-26.8535382991332
16.25	-26.8630658936798
16.2625	-26.8890762912454
16.275	-26.926726100433
16.2875	-26.9524409557309
16.3	-26.9172762382788
16.3125	-26.9253512440379
16.325	-26.9438529109534
16.3375	-26.9520206889376
16.35	-26.9587057600485
16.3625	-26.9450495217596
16.375	-26.923599507067
16.3875	-26.9388605337739
16.4	-26.9507277555724
16.4125	-26.9514099046001
16.425	-26.9394788777404
16.4375	-26.9285333819428
16.45	-26.9459197436612
16.4625	-26.9865947880351
16.475	-27.0156064981451
16.4875	-27.0357185713694
16.5	-27.0308849747443
16.5125	-27.0706235986908
16.525	-27.1033343287027
16.5375	-27.1031980673058
16.55	-27.1142948292666
16.5625	-27.1198280001811
16.575	-27.1314800878581
16.5875	-27.1564743590243
16.6	-27.1650678978989
16.6125	-27.2459705545106
16.625	-27.3107679368518
16.6375	-27.3872104305082
16.65	-27.4195998249082
16.6625	-27.4646791092272
16.675	-27.4941102461904
16.6875	-27.5390099971472
16.7	-27.5879584398699
16.7125	-27.617807422103
16.725	-27.6489410202534
16.7375	-27.7788513570116
16.75	-27.7819365890641
16.7625	-27.8301590686238
16.775	-27.9097527733463
16.7875	-27.9735721364893
16.8	-27.9838340971947
16.8125	-27.9963232996856
16.825	-28.0275284890084
16.8375	-28.0677863697756
16.85	-28.0478354209533
16.8625	-28.0901769179107
16.875	-28.1178556809226
16.8875	-28.1314625259818
16.9	-28.1123289768728
16.9125	-28.1212345438372
16.925	-28.1209318408588
16.9375	-28.1384254581505
16.95	-28.087939327773
16.9625	-28.1696417028701
16.975	-28.1720937149317
16.9875	-28.139396499673
17	-28.127127436149
17.0125	-28.1502638192377
17.025	-28.2185080199414
17.0375	-28.2742160011262
17.05	-28.2740426526291
17.0625	-28.3094613924502
17.075	-28.3085768711327
17.0875	-28.279049234123
17.1	-28.3351539566654
17.1125	-28.3169405326117
17.125	-28.3090509957213
17.1375	-28.2745767514976
17.15	-28.2955512006284
17.1625	-28.3333530671528
17.175	-28.2587957583821
17.1875	-28.3012886783254
17.2	-28.3109275714783
17.2125	-28.3476256985968
17.225	-28.3102532691819
17.2375	-28.202250286838
17.25	-28.1463458328391
17.2625	-28.2048521189202
17.275	-28.2444834497509
17.2875	-28.2203306292277
17.3	-28.2139675880736
17.3125	-28.1563214986596
17.325	-28.179763524783
17.3375	-28.2153798847178
17.35	-28.2256910575005
17.3625	-28.2758184295547
17.375	-28.2856547129677
17.3875	-28.3141695619172
17.4	-28.3499619046013
17.4125	-28.3838831656424
17.425	-28.4270047993209
17.4375	-28.4690288344707
17.45	-28.4695078732415
17.4625	-28.5374979407921
17.475	-28.5765529045259
17.4875	-28.5860694276627
17.5	-28.5939038239485
17.5125	-28.597984364831
17.525	-28.6455386725622
17.5375	-28.6669799360919
17.55	-28.701108228013
17.5625	-28.732669394345
17.575	-28.7628496072776
17.5875	-28.7668559898812
17.6	-28.7557971656443
17.6125	-28.7580642837281
17.625	-28.7439062195895
17.6375	-28.762228108418
17.65	-28.7748838657522
17.6625	-28.7567601956241
17.675	-28.7634399644
17.6875	-28.7810771838954
17.7	-28.789583588894
17.7125	-28.8093435822568
17.725	-28.819672359911
17.7375	-28.8407122371214
17.75	-28.881855417047
17.7625	-28.9259445761721
17.775	-28.968903930753
17.7875	-28.9937700996295
17.8	-29.0398792163453
17.8125	-29.0590813733152
17.825	-29.0676479653926
17.8375	-29.0905790846114
17.85	-29.1109094506839
17.8625	-29.1281908764555
17.875	-29.1787348889105
17.8875	-29.2297451973465
17.9	-29.2612972448084
17.9125	-29.3110787496084
17.925	-29.3204238808045
17.9375	-29.3313362489386
17.95	-29.3381583201923
17.9625	-29.3588744984082
17.975	-29.3748779161353
17.9875	-29.4046137543559
18	-29.3986882475926
18.0125	-29.4092940737855
18.025	-29.4291889739538
18.0375	-29.4644745613723
18.05	-29.5160204345044
18.0625	-29.5394273111637
18.075	-29.5536382434159
18.0875	-29.5865276955071
18.1	-29.5808301661629
18.1125	-29.5839982943366
18.125	-29.6012016971689
18.1375	-29.6315202645629
18.15	-29.669498844128
18.1625	-29.6899142805228
18.175	-29.6979188290478
18.1875	-29.6832397133616
18.2	-29.6677359091972
18.2125	-29.6901921690021
18.225	-29.7033192110825
18.2375	-29.7358220335027
18.25	-29.6918639697165
18.2625	-29.7118444602926
18.275	-29.7346520634775
18.2875	-29.7317547860853
18.3	-29.7347481691002
18.3125	-29.7222442818048
18.325	-29.6960334675882
18.3375	-29.7288617113203
18.35	-29.7342891201289
18.3625	-29.738653476246
18.375	-29.7048927364902
18.3875	-29.7245748930878
18.4	-29.7170424560469
18.4125	-29.7145387126752
18.425	-29.7303648288486
18.4375	-29.7290280029156
18.45	-29.7419777415671
18.4625	-29.7387365922091
18.475	-29.7413849485279
18.4875	-29.7112416359735
18.5	-29.7087305812475
18.5125	-29.6826059519078
18.525	-29.6774379701025
18.5375	-29.7421566179741
18.55	-29.7394448892715
18.5625	-29.667195462833
18.575	-29.7411796962563
18.5875	-29.6902441771932
18.6	-29.7239724297261
18.6125	-29.7127383994063
18.625	-29.7417501157557
18.6375	-29.7349006394645
18.65	-29.6939187664007
18.6625	-29.7765511766623
18.675	-29.7703837423316
18.6875	-29.7679374978647
18.7	-29.7554981449094
18.7125	-29.7611180572664
18.725	-29.7544693140269
18.7375	-29.7730345365727
18.75	-29.816190589447
18.7625	-29.8171373165175
18.775	-29.7841085857038
18.7875	-29.7877797149061
18.8	-29.8175376337709
18.8125	-29.8303795124308
18.825	-29.8418350656915
18.8375	-29.8595444905191
18.85	-29.8795438118839
18.8625	-29.8819136536975
18.875	-29.8676024588052
18.8875	-29.8473744826162
18.9	-29.8872120836017
18.9125	-29.8709256278768
18.925	-29.8638894078442
18.9375	-29.8967606660933
18.95	-29.9113083026915
18.9625	-29.9133399988669
18.975	-29.8970440983818
18.9875	-29.8921733400286
19	-29.9048789647563
19.0125	-29.9332262062864
19.025	-29.9427312528379
19.0375	-29.9268891791487
19.05	-29.9344597735659
19.0625	-29.9513242733245
19.075	-29.9659261658016
19.0875	-29.957405879991
19.1	-29.9458855313623
19.1125	-29.9344899628192
19.125	-29.9435856380142
19.1375	-29.9352987791704
19.15	-29.9345958993572
19.1625	-29.9346812950423
19.175	-29.9510971470287
19.1875	-29.9487562946158
19.2	-29.9235176450937
19.2125	-29.9279847787172
19.225	-29.9911901919206
19.2375	-30.0214680340371
19.25	-30.0609743837899
19.2625	-30.0863624526764
19.275	-30.1174745395674
19.2875	-30.1136176049501
19.3	-30.1311084187521
19.3125	-30.1339664596646
19.325	-30.1370986893111
19.3375	-30.1315359175694
19.35	-30.1385279564559
19.3625	-30.1372037913995
19.375	-30.1267943083893
19.3875	-30.1122349226442
19.4	-30.10935488727
19.4125	-30.1053392962523
19.425	-30.1048392272421
19.4375	-30.1125927782376
19.45	-30.0949665253376
19.4625	-30.081048189683
19.475	-30.0739671702905
19.4875	-30.08568997196
19.5	-30.0902858144199
19.5125	-30.0953630875509
19.525	-30.1305477367627
19.5375	-30.1309681269706
19.55	-30.1305622679254
19.5625	-30.1308366444768
19.575	-30.1397012288429
19.5875	-30.1636583843761
19.6	-30.1672963863641
19.6125	-30.1928163327013
19.625	-30.195954863042
19.6375	-30.2114212138858
19.65	-30.2028488334806
19.6625	-30.230648397754
19.675	-30.2446236129349
19.6875	-30.2601047934576
19.7	-30.2734873575213
19.7125	-30.2590373348678
19.725	-30.2869537339655
19.7375	-30.2992578106588
19.75	-30.3090210947466
19.7625	-30.3139917715391
19.775	-30.3150518406543
19.7875	-30.3375476429159
19.8	-30.3550517205674
19.8125	-30.3754658161969
19.825	-30.40197242118
19.8375	-30.3890131607187
19.85	-30.3876264842969
19.8625	-30.397320860893
19.875	-30.3959628220473
19.8875	-30.3993376855629
19.9	-30.4105256760769
19.9125	-30.4093901638668
19.925	-30.4169797424496
19.9375	-30.4312853692178
19.95	-30.4377480199523
19.9625	-30.4505098624029
19.975	-30.4568755714497
19.9875	-30.5130259846559
20	-30.5907984777405
20.0125	-30.6246405417335
20.025	-30.6673331517349
20.0375	-30.7322469962415
20.05	-30.7533965622308
20.0625	-30.7935490388502
20.075	-30.8227677444541
20.0875	-30.8391585268569
20.1	-30.8506108618807
20.1125	-30.8435804952029
20.125	-30.8330257765446
20.1375	-30.8334108501713
20.15	-30.8392631153254
20.1625	-30.8326627832802
20.175	-30.8327981790812
20.1875	-30.8411798705252
20.2	-30.8548563273871
20.2125	-30.8626900770219
20.225	-30.8684559932919
20.2375	-30.8756161186894
20.25	-30.8910925127911
20.2625	-30.9177563233459
20.275	-30.9234549596576
20.2875	-30.9157285550946
20.3	-30.9082671911108
20.3125	-30.9072895018245
20.325	-30.9166767002279
20.3375	-30.9165457395066
20.35	-30.9131599171308
20.3625	-30.9134921769094
20.375	-30.9297074638668
20.3875	-30.9383269949237
20.4	-30.9369633871938
20.4125	-30.9396557758566
20.425	-30.9486806938001
20.4375	-30.9703281143212
20.45	-30.9757585324893
20.4625	-30.9810943544242
20.475	-31.0017998299443
20.4875	-31.0179975557384
20.5	-31.0069091739597
20.5125	-31.0121670787752
20.525	-31.0084874647764
20.5375	-31.0201192191738
20.55	-31.060881455457
20.5625	-31.0540524175291
20.575	-31.0396828871678
20.5875	-31.0377497123147
20.6	-31.0493700432777
20.6125	-31.0559068899582
20.625	-31.0641645025528
20.6375	-31.0780180399874
20.65	-31.0781388342898
20.6625	-31.0846486703293
20.675	-31.0863692112226
20.6875	-31.0851218321131
20.7	-31.0746427983368
20.7125	-31.068754618488
20.725	-31.0706143444178
20.7375	-31.0769005391946
20.75	-31.0990619999773
20.7625	-31.1092023742278
20.775	-31.0825267995249
20.7875	-31.0909301055317
20.8	-31.097836078787
20.8125	-31.0983323238739
20.825	-31.1002801471801
20.8375	-31.0981852836383
20.85	-31.1134754750873
20.8625	-31.1331790868906
20.875	-31.1548725720708
20.8875	-31.1635881376165
20.9	-31.1729630505777
20.9125	-31.1747073012107
20.925	-31.1794092274229
20.9375	-31.1930255190196
20.95	-31.2036833174112
20.9625	-31.1976593835467
20.975	-31.2052046140527
20.9875	-31.2297321334431
21	-31.2582649937982
21.0125	-31.2646137705125
21.025	-31.253644289668
21.0375	-31.2671633295976
21.05	-31.285986841476
21.0625	-31.2864892734299
21.075	-31.2834326258247
21.0875	-31.2851215135177
21.1	-31.2720829607277
21.1125	-31.2636317577173
21.125	-31.2611445494119
21.1375	-31.2683355040275
21.15	-31.2557880600729
21.1625	-31.264619114933
21.175	-31.2609846034452
21.1875	-31.2663121148939
21.2	-31.26949989524
21.2125	-31.2678406005754
21.225	-31.2760957403707
21.2375	-31.2805601696673
21.25	-31.2797211736129
21.2625	-31.2837271946758
21.275	-31.3036325163058
21.2875	-31.3094563937592
21.3	-31.3174352732692
21.3125	-31.3284146128069
21.325	-31.3296629791693
21.3375	-31.3278560581595
21.35	-31.3313049247964
21.3625	-31.3459780040181
21.375	-31.3496980706719
21.3875	-31.3644516550387
21.4	-31.3654586043811
21.4125	-31.3607199154302
21.425	-31.3588347153588
21.4375	-31.3613131488314
21.45	-31.3652903039428
21.4625	-31.3615615565195
21.475	-31.3627976879037
21.4875	-31.3626172360988
21.5	-31.3659026796565
21.5125	-31.3711949849792
21.525	-31.3730509340205
21.5375	-31.3775997589479
21.55	-31.3756443268471
21.5625	-31.3671802504052
21.575	-31.3639893752188
21.5875	-31.3612870165955
21.6	-31.3599148958407
21.6125	-31.3579097209764
21.625	-31.3609423292841
21.6375	-31.3542043872255
21.65	-31.3583006695368
21.6625	-31.3590048727021
21.675	-31.3616567050124
21.6875	-31.3582875124027
21.7	-31.3634890886899
21.7125	-31.3641989794699
21.725	-31.3529954091541
21.7375	-31.3352246975347
21.75	-31.3403446979006
21.7625	-31.3612405336166
21.775	-31.36199351534
21.7875	-31.3571167252334
21.8	-31.3531858954369
21.8125	-31.3528973171113
21.825	-31.3537214669902
21.8375	-31.3500259579888
21.85	-31.3472113091696
21.8625	-31.3414592685391
21.875	-31.3385661374825
21.8875	-31.3400368681762
21.9	-31.3375280832868
21.9125	-31.3368118612384
21.925	-31.3382441504305
21.9375	-31.3378440491502
21.95	-31.3392776138709
21.9625	-31.3460974765022
21.975	-31.3493408827634
21.9875	-31.3527439551997
22	-31.3586906086577
22.0125	-31.3619791861732
22.025	-31.3675389601212
22.0375	-31.3721091479626
22.05	-31.3693737340287
22.0625	-31.3711666488322
22.075	-31.375297516522
22.0875	-31.3865327850972
22.1	-31.3859394451957
22.1125	-31.3888768548964
22.125	-31.3948256570793
22.1375	-31.3872528045542
22.15	-31.4071755275694
22.1625	-31.4114985654443
22.175	-31.4085095854078
22.1875	-31.4105432453051
22.2	-31.4101773066408
22.2125	-31.4139984854988
22.225	-31.4168857378564
22.2375	-31.4185955073794
22.25	-31.4248346892992
22.2625	-31.419302912911
22.275	-31.4208138021235
22.2875	-31.4289814312051
22.3	-31.427881148489
22.3125	-31.4373495299185
22.325	-31.4426510142147
22.3375	-31.4483003786845
22.35	-31.4470259113413
22.3625	-31.440205670937
22.375	-31.4452244005448
22.3875	-31.450212068346
22.4	-31.4618803138831
22.4125	-31.4659166512547
22.425	-31.4679328537256
22.4375	-31.4718760884705
22.45	-31.4726318920148
22.4625	-31.4785001231592
22.475	-31.4893278224776
22.4875	-31.4988228693575
22.5	-31.5276346335893
22.5125	-31.5507382767888
22.525	-31.5596339053693
22.5375	-31.56768896823
22.55	-31.5686658581854
22.5625	-31.5671464245306
22.575	-31.5681854204405
22.5875	-31.574279419075
22.6	-31.5775443093719
22.6125	-31.5757943128158
22.625	-31.5692506693924
22.6375	-31.574203155301
22.65	-31.5831236395505
22.6625	-31.5898659845337
22.675	-31.5897631864662
22.6875	-31.5926145371188
22.7	-31.5939184466097
22.7125	-31.5878110590314
22.725	-31.5830607432202
22.7375	-31.5822148478477
22.75	-31.5864490835412
22.7625	-31.5905732749916
22.775	-31.585414771969
22.7875	-31.5804585573025
22.8	-31.5864679870662
22.8125	-31.5909996081315
22.825	-31.5947272142141
22.8375	-31.5953077024341
22.85	-31.5950718379201
22.8625	-31.5976691057152
22.875	-31.5954063561572
22.8875	-31.6020028527185
22.9	-31.6159267080898
22.9125	-31.618255408084
22.925	-31.6196734128744
22.9375	-31.6285497734083
22.95	-31.6428390998493
22.9625	-31.6420807951165
22.975	-31.6711147418926
22.9875	-31.6767664955769
23	-31.6719950401284
23.0125	-31.6657069603243
23.025	-31.6694629858917
23.0375	-31.6679754230792
23.05	-31.6688499297976
23.0625	-31.6710057184698
23.075	-31.6743994847231
23.0875	-31.6761938675219
23.1	-31.6709271254183
23.1125	-31.6809043112054
23.125	-31.6809064070404
23.1375	-31.6863239625422
23.15	-31.6917978442069
23.1625	-31.6899144634816
23.175	-31.6865962344732
23.1875	-31.6884087432569
23.2	-31.6930224060871
23.2125	-31.7041839316642
23.225	-31.7009096490561
23.2375	-31.704112898335
23.25	-31.7055521463898
23.2625	-31.7073214498372
23.275	-31.7107376413882
23.2875	-31.6991783411096
23.3	-31.7184595932103
23.3125	-31.7162192565415
23.325	-31.7147290278285
23.3375	-31.7061066796436
23.35	-31.7013339410775
23.3625	-31.6934439737475
23.375	-31.6887314145935
23.3875	-31.6945803671567
23.4	-31.6969753580424
23.4125	-31.702086937183
23.425	-31.6994760852322
23.4375	-31.7038750427612
23.45	-31.7103599964279
23.4625	-31.7032628664724
23.475	-31.6980477529115
23.4875	-31.6979990074763
23.5	-31.6980584217805
23.5125	-31.696317206841
23.525	-31.6902776831646
23.5375	-31.6929317269694
23.55	-31.694220816159
23.5625	-31.693625655688
23.575	-31.690818864715
23.5875	-31.6917893514762
23.6	-31.6938812205553
23.6125	-31.6969675882089
23.625	-31.6950934159263
23.6375	-31.7081468090049
23.65	-31.7146371726624
23.6625	-31.7240724140584
23.675	-31.7226089852958
23.6875	-31.7155652417711
23.7	-31.7120258725277
23.7125	-31.7149711616251
23.725	-31.7054772763334
23.7375	-31.7018302579624
23.75	-31.6994670119578
23.7625	-31.6926542120926
23.775	-31.6960962342203
23.7875	-31.7049945857039
23.8	-31.7105881412385
23.8125	-31.70633826355
23.825	-31.7043355440582
23.8375	-31.7039297262269
23.85	-31.6985677710327
23.8625	-31.6948088642689
23.875	-31.6897240451476
23.8875	-31.6852526006605
23.9	-31.6800449987795
23.9125	-31.6790129991903
23.925	-31.6807551833762
23.9375	-31.6811659337386
23.95	-31.6825198672195
23.9625	-31.6797095942281
23.975	-31.6795206351006
23.9875	-31.6759331775243
24	-31.6777751477317
24.0125	-31.6781466740901
24.025	-31.6771847970537
24.0375	-31.6797491081588
24.05	-31.6785367408942
24.0625	-31.6737981515602
24.075	-31.6767547975954
24.0875	-31.6861662537857
24.1	-31.6869145218804
24.1125	-31.6818734524757
24.125	-31.6811741135713
24.1375	-31.6803919485076
24.15	-31.681975425164
24.1625	-31.6814920712786
24.175	-31.6781306612599
24.1875	-31.6716440645039
24.2	-31.6704193817247
24.2125	-31.6673580745281
24.225	-31.6588863393957
24.2375	-31.671522575372
24.25	-31.6853955619592
24.2625	-31.7127265660862
24.275	-31.7293161104512
24.2875	-31.7358560338692
24.3	-31.7512662462058
24.3125	-31.7513244014812
24.325	-31.7643643781996
24.3375	-31.7706135978539
24.35	-31.76839731581
24.3625	-31.7707631648503
24.375	-31.7849577290238
24.3875	-31.8031649323239
24.4	-31.8057247731611
24.4125	-31.8109045571631
24.425	-31.8089461761924
24.4375	-31.8081577468097
24.45	-31.8059888981906
24.4625	-31.8013057828722
24.475	-31.7966366045263
24.4875	-31.7941741223881
24.5	-31.7802482473825
24.5125	-31.7599064705136
24.525	-31.75749637315
24.5375	-31.7531786849446
24.55	-31.7432763339988
24.5625	-31.7479214632153
24.575	-31.7512419253603
24.5875	-31.7511477042718
24.6	-31.7511477042718
24.6125	-31.7511477042718
24.625	-31.7511477042718
24.6375	-31.7511477042718
24.65	-31.7511477042718
24.6625	-31.7511477042718
24.675	-31.7511477042718
24.6875	-31.7511477042718
24.7	-31.7511477042718
24.7125	-31.7511477042718
24.725	-31.7511477042718
24.7375	-31.7511477042718
24.75	-31.7511477042718
24.7625	-31.7511477042718
24.775	-31.7511477042718
24.7875	-31.7511477042718
24.8	-31.7511477042718
24.8125	-31.7511477042718
24.825	-31.7511477042718
24.8375	-31.7511477042718
24.85	-31.7511477042718
24.8625	-31.7511477042718
24.875	-31.7511477042718
24.8875	-31.7511477042718
24.9	-31.7511477042718
24.9125	-31.7511477042718
24.925	-31.7511477042718
24.9375	-31.7511477042718
24.95	-31.7511477042718
24.9625	-31.7511477042718
24.975	-31.7511477042718
24.9875	-31.7511477042718
25	-31.7511477042718
25.0125	-31.7511477042718
25.025	-31.7511477042718
25.0375	-31.7511477042718
25.05	-31.7511477042718
25.0625	-31.7511477042718
25.075	-31.7511477042718
25.0875	-31.7511477042718
25.1	-31.7511477042718
25.1125	-31.7511477042718
25.125	-31.7511477042718
25.1375	-31.7511477042718
25.15	-31.7511477042718
25.1625	-31.7511477042718
25.175	-31.7511477042718
25.1875	-31.7511477042718
25.2	-31.7511477042718
25.2125	-31.7511477042718
25.225	-31.7511477042718
25.2375	-31.7511477042718
25.25	-31.7511477042718
25.2625	-31.7511477042718
25.275	-31.7511477042718
25.2875	-31.7511477042718
25.3	-31.7511477042718
25.3125	-31.7511477042718
25.325	-31.7511477042718
25.3375	-31.7511477042718
25.35	-31.7511477042718
25.3625	-31.7511477042718
25.375	-31.7511477042718
25.3875	-31.7511477042718
25.4	-31.7511477042718
25.4125	-31.7511477042718
25.425	-31.7511477042718
25.4375	-31.7511477042718
25.45	-31.7511477042718
25.4625	-31.7511477042718
25.475	-31.7511477042718
25.4875	-31.7511477042718
25.5	-31.7511477042718
25.5125	-31.7511477042718
25.525	-31.7511477042718
25.5375	-31.7511477042718
25.55	-31.7511477042718
25.5625	-31.7511477042718
25.575	-31.7511477042718
25.5875	-31.7511477042718
25.6	-31.7511477042718
25.6125	-31.7511477042718
25.625	-31.7511477042718
25.6375	-31.7511477042718
25.65	-31.7511477042718
25.6625	-31.7511477042718
25.675	-31.7511477042718
25.6875	-31.7511477042718
25.7	-31.7511477042718
25.7125	-31.7511477042718
25.725	-31.7511477042718
25.7375	-31.7511477042718
25.75	-31.7511477042718
25.7625	-31.7511477042718
25.775	-31.7511477042718
25.7875	-31.7511477042718
25.8	-31.7511477042718
25.8125	-31.7511477042718
25.825	-31.7511477042718
25.8375	-31.7511477042718
25.85	-31.7511477042718
25.8625	-31.7511477042718
25.875	-31.7511477042718
25.8875	-31.7511477042718
25.9	-31.7511359454138
25.9125	-31.751562381892
25.925	-31.753087456636
25.9375	-31.755940501216
25.95	-31.7582440166671
25.9625	-31.7619919590239
25.975	-31.7714420741143
25.9875	-31.7799061853345
26	-31.7869433702343
26.0125	-31.7865332560721
26.025	-31.7841117708677
26.0375	-31.7971484981541
26.05	-31.8200301336655
26.0625	-31.8462015953537
26.075	-31.8534298827275
26.0875	-31.858378763048
26.1	-31.8657128049703
26.1125	-31.874465737942
26.125	-31.8835867637813
26.1375	-31.883442837009
26.15	-31.8931285980057
26.1625	-31.886791494172
26.175	-31.8873586304799
26.1875	-31.8918904715866
26.2	-31.9023595237123
26.2125	-31.914590686454
26.225	-31.9334862022216
26.2375	-31.9499557667125
26.25	-31.9620041189288
26.2625	-31.9617475231996
26.275	-31.972774232839
26.2875	-31.9831625220439
26.3	-31.9959878870461
26.3125	-32.0020633363798
26.325	-32.0141871809507
26.3375	-32.0194068590405
26.35	-32.0221441558417
26.3625	-32.0331231337925
26.375	-32.0410028776268
26.3875	-32.0540616895894
26.4	-32.065745837618
26.4125	-32.0628900823827
26.425	-32.0690028887732
26.4375	-32.0751106575475
26.45	-32.0675548076722
26.4625	-32.0619932254761
26.475	-32.1063086303763
26.4875	-32.0968952117719
26.5	-32.0929546286659
26.5125	-32.0830859477791
26.525	-32.1016832822007
26.5375	-32.1462606962554
26.55	-32.1529219249647
26.5625	-32.1688341927268
26.575	-32.1734645669977
26.5875	-32.1798778920724
26.6	-32.1795152032859
26.6125	-32.201069902208
26.625	-32.2063261828614
26.6375	-32.2223298013724
26.65	-32.2317580769992
26.6625	-32.2095033394946
26.675	-32.2049333989597
26.6875	-32.213640882478
26.7	-32.2186480544815
26.7125	-32.2314187574854
26.725	-32.2221179082604
26.7375	-32.2622863006533
26.75	-32.2556794053529
26.7625	-32.2494770341154
26.775	-32.2682034056083
26.7875	-32.2512749035925
26.8	-32.2264986993855
26.8125	-32.2242183795054
26.825	-32.2145214107956
26.8375	-32.2200299170831
26.85	-32.2167734120921
26.8625	-32.2376350501326
26.875	-32.2249934603289
26.8875	-32.2155204658382
26.9	-32.2203090217789
26.9125	-32.2026633230121
26.925	-32.1930069251611
26.9375	-32.1894549696086
26.95	-32.1931531901453
26.9625	-32.1904447022475
26.975	-32.1852911666312
26.9875	-32.1885081854588
27	-32.1571317817592
27.0125	-32.1437539930376
27.025	-32.1432613458369
27.0375	-32.1657485036076
27.05	-32.1791385248313
27.0625	-32.1798647932529
27.075	-32.172480965178
27.0875	-32.1615056774854
27.1	-32.1543266865089
27.1125	-32.1372308979848
27.125	-32.1166588428244
27.1375	-32.12450049791
27.15	-32.1356789496345
27.1625	-32.1439371660299
27.175	-32.1402334510619
27.1875	-32.1388428553591
27.2	-32.1316392679023
27.2125	-32.1398321899677
27.225	-32.1720540610267
27.2375	-32.1461160075835
27.25	-32.1331162315476
27.2625	-32.1362295509585
27.275	-32.1252057198049
27.2875	-32.1270596329435
27.3	-32.1376521047677
27.3125	-32.1345966463853
27.325	-32.1491462025668
27.3375	-32.1552204783286
27.35	-32.1686193288052
27.3625	-32.1923114169884
27.375	-32.2148503921614
27.3875	-32.210809159213
27.4	-32.2232850260187
27.4125	-32.2395680273354
27.425	-32.2357691569161
27.4375	-32.2469770740407
27.45	-32.2584776489853
27.4625	-32.2582251095758
27.475	-32.2587174415333
27.4875	-32.2512885146874
27.5	-32.2703191001369
27.5125	-32.2878550270391
27.525	-32.299351589542
27.5375	-32.3062657763425
27.55	-32.3111947472609
27.5625	-32.3139028853912
27.575	-32.3158990000678
27.5875	-32.3099263684519
27.6	-32.3067950589886
27.6125	-32.3212842570626
27.625	-32.3480426576002
27.6375	-32.4029733152538
27.65	-32.4718758690474
27.6625	-32.5051170183269
27.675	-32.498220931848
27.6875	-32.5060004318629
27.7	-32.5304583728764
27.7125	-32.5546664804105
27.725	-32.5556455137063
27.7375	-32.5559459657416
27.75	-32.5431405670055
27.7625	-32.5208860044177
27.775	-32.5239105784698
27.7875	-32.580446935367
27.8	-32.6178619792409
27.8125	-32.6283045609099
27.825	-32.6469682390641
27.8375	-32.654746835359
27.85	-32.6696072035265
27.8625	-32.6643934721059
27.875	-32.6170894183159
27.8875	-32.6225722524224
27.9	-32.6285394732523
27.9125	-32.6500884671702
27.925	-32.6743024721704
27.9375	-32.68420210699
27.95	-32.6902972871639
27.9625	-32.6830540926302
27.975	-32.6854193103311
27.9875	-32.6809929762302
28	-32.6605196764387
28.0125	-32.6409416793919
28.025	-32.6543799373215
28.0375	-32.6667882496156
28.05	-32.6834647730612
28.0625	-32.7192129865681
28.075	-32.7370398693165
28.0875	-32.7701666910554
28.1	-32.7722118164104
28.1125	-32.7538456601684
28.125	-32.7569645348781
28.1375	-32.7601407978823
28.15	-32.7657492205721
28.1625	-32.7698048832645
28.175	-32.7761646225762
28.1875	-32.7772247657472
28.2	-32.7786135974558
28.2125	-32.7930875151365
28.225	-32.7553962204346
28.2375	-32.7298516225933
28.25	-32.6724883317157
28.2625	-32.6678562377686
28.275	-32.6515494959956
28.2875	-32.6067106101631
28.3	-32.5870093954186
28.3125	-32.5748795306538
28.325	-32.5694117813161
28.3375	-32.5614562411562
28.35	-32.5667567780959
28.3625	-32.5691385218334
28.375	-32.5643781547925
28.3875	-32.5785843669696
28.4	-32.6000138841375
28.4125	-32.5885386818384
28.425	-32.602821737428
28.4375	-32.6086245053758
28.45	-32.5757485167302
28.4625	-32.5445811528312
28.475	-32.5448373996693
28.4875	-32.5164919261713
28.5	-32.5017116886344
28.5125	-32.5300408468264
28.525	-32.4924366420292
28.5375	-32.5006808895642
28.55	-32.5108743538303
28.5625	-32.5056660416334
28.575	-32.4631745648381
28.5875	-32.4747471118074
28.6	-32.4737131468951
28.6125	-32.4642582135697
28.625	-32.4606468942507
28.6375	-32.4482424484858
28.65	-32.4558258618973
28.6625	-32.5580427312667
28.675	-32.5204130235954
28.6875	-32.5482352330927
28.7	-32.5587030364332
28.7125	-32.5635247487506
28.725	-32.5716242197277
28.7375	-32.5722090272653
28.75	-32.5894098755715
28.7625	-32.6052275257854
28.775	-32.6076987668234
28.7875	-32.6117093553241
28.8	-32.6236995435996
28.8125	-32.6220038676998
28.825	-32.6273298695005
28.8375	-32.6373739601321
28.85	-32.6393550681153
28.8625	-32.6253539713064
28.875	-32.6200871463534
28.8875	-32.6388561830605
28.9	-32.5994496555839
28.9125	-32.6472537182967
28.925	-32.611027333288
28.9375	-32.6230141517954
28.95	-32.6295468943954
28.9625	-32.6156886858036
28.975	-32.6343886808819
28.9875	-32.6617303059934
29	-32.6267072243553
29.0125	-32.6140970731795
29.025	-32.680232251356
29.0375	-32.7056416392875
29.05	-32.719269199991
29.0625	-32.7243242459502
29.075	-32.7157697241361
29.0875	-32.7193023629948
29.1	-32.7206799022636
29.1125	-32.7058591214906
29.125	-32.6953480813726
29.1375	-32.7166677239113
29.15	-32.7261232982476
29.1625	-32.7345886769309
29.175	-32.7331128337737
29.1875	-32.7549530831133
29.2	-32.7681435093345
29.2125	-32.7591700816613
29.225	-32.7662480867867
29.2375	-32.7691616324473
29.25	-32.7461873494697
29.2625	-32.7153111551369
29.275	-32.726414685576
29.2875	-32.7474791554261
29.3	-32.7345909330647
29.3125	-32.7408472994728
29.325	-32.7305054681558
29.3375	-32.7330272353566
29.35	-32.7406122935924
29.3625	-32.7412313602993
29.375	-32.7364378271044
29.3875	-32.7218026474047
29.4	-32.7414902870609
29.4125	-32.758908904957
29.425	-32.7700737441837
29.4375	-32.7617236102476
29.45	-32.7705179799824
29.4625	-32.7569830772221
29.475	-32.7598054232137
29.4875	-32.7100310750935
29.5	-32.7126182389064
29.5125	-32.7668583631741
29.525	-32.782313010706
29.5375	-32.8177294019657
29.55	-32.8895556052431
29.5625	-32.8934624035439
29.575	-32.9163911242207
29.5875	-32.9749032940934
29.6	-33.0148086832648
29.6125	-33.0282761173863
29.625	-33.050919366178
29.6375	-33.0813880887803
29.65	-33.1336737529558
29.6625	-33.0996965620121
29.675	-33.0619832405527
29.6875	-32.9866370282186
29.7	-32.9736871339938
29.7125	-32.9266810738495
29.725	-32.9673085217496
29.7375	-33.0353575288402
29.75	-32.9959916710513
29.7625	-32.9067716980245
29.775	-32.9028509395953
29.7875	-32.9409886769069
29.8	-32.9455208306094
29.8125	-32.9512237106742
29.825	-32.9401717251196
29.8375	-32.871896706498
29.85	-32.9378491346409
29.8625	-32.9271442346785
29.875	-32.904112018
29.8875	-32.8699185202368
29.9	-32.8436234862747
29.9125	-32.8430791414629
29.925	-32.8482369801762
29.9375	-32.8610938399658
29.95	-32.8556311724183
29.9625	-32.8816718540129
29.975	-32.9141873712711
29.9875	-32.9530099449883
30	-32.9445928492018
