0.0125	0
0.025	0
0.0375	0
0.05	0
0.0625	0
0.075	0
0.0875	0
0.1	0
0.1125	0
0.125	0
0.1375	0
0.15	0
0.1625	0
0.175	0
0.1875	0
0.2	0
0.2125	0
0.225	0
0.2375	0
0.25	0
0.2625	0
0.275	0
0.2875	0
0.3	0
0.3125	0
0.325	0
0.3375	0
0.35	0
0.3625	0
0.375	0
0.3875	0
0.4	0
0.4125	0
0.425	0
0.4375	0
0.45	0
0.4625	0
0.475	0
0.4875	0
0.5	0
0.5125	0
0.525	0
0.5375	0
0.55	0
0.5625	0
0.575	0
0.5875	0
0.6	0
0.6125	0
0.625	0
0.6375	0
0.65	0
0.6625	0
0.675	0
0.6875	0
0.7	0
0.7125	0
0.725	0
0.7375	0
0.75	0
0.7625	0
0.775	0
0.7875	0
0.8	0
0.8125	0
0.825	0
0.8375	0
0.85	0
0.8625	0
0.875	0
0.8875	0
0.9	0
0.9125	0
0.925	0
0.9375	0
0.95	0
0.9625	0
0.975	0
0.9875	0
1	0
1.0125	0
1.025	0
1.0375	0
1.05	0
1.0625	0
1.075	0
1.0875	0
1.1	0
1.1125	0
1.125	0
1.1375	0
1.15	0
1.1625	0
1.175	0
1.1875	0
1.2	0
1.2125	0
1.225	0
1.2375	0
1.25	0
1.2625	0
1.275	0
1.2875	0
1.3	0
1.3125	0
1.325	0
1.3375	-3.08124805166938e-06
1.35	-0.000898904315887367
1.3625	-0.00650365149876184
1.375	-0.0212581996358903
1.3875	-0.0510056844775255
1.4	-0.107314937760186
1.4125	-0.16742029663561
1.425	-0.253691688545388
1.4375	-0.341257416364569
1.45	-0.443469081195445
1.4625	-0.529150968877463
1.475	-0.609797282665958
1.4875	-0.688772562367139
1.5	-0.792315000410897
1.5125	-0.928841036838339
1.525	-1.05407357020583
1.5375	-1.14182400428204
1.55	-1.20797653026217
1.5625	-1.27300348206894
1.575	-1.33970964844991
1.5875	-1.40094893424858
1.6	-1.4641498550094
1.6125	-1.53670096330102
1.625	-1.5942230117649
1.6375	-1.64356537191085
1.65	-1.69115050913702
1.6625	-1.72662095272833
1.675	-1.75750871149841
1.6875	-1.80175636312524
1.7	-1.83843148214935
1.7125	-1.8808675442975
1.725	-1.95948731602822
1.7375	-2.06286191878183
1.75	-2.19754235875986
1.7625	-2.34810770900751
1.775	-2.44497124468508
1.7875	-2.51589274203105
1.8	-2.59457522916285
1.8125	-2.66515909512041
1.825	-2.72265527602707
1.8375	-2.79545394358668
1.85	-2.86351107365769
1.8625	-2.91004907603025
1.875	-2.95765508047733
1.8875	-2.99786616513786
1.9	-3.03429442423732
1.9125	-3.06181511896046
1.925	-3.0887869379589
1.9375	-3.11934173144889
1.95	-3.17821659994921
1.9625	-3.25654757886961
1.975	-3.33640570370244
1.9875	-3.4284993200176
2	-3.49225465036918
2.0125	-3.57189167743644
2.025	-3.66431695256885
2.0375	-3.76557085930095
2.05	-3.82407058704608
2.0625	-3.90705401441276
2.075	-3.96546327647349
2.0875	-4.04816960924805
2.1	-4.09633663770932
2.1125	-4.16361039354109
2.125	-4.24650579802472
2.1375	-4.32311562495317
2.15	-4.4025776869658
2.1625	-4.47294376871864
2.175	-4.50846590250096
2.1875	-4.55134862319747
2.2	-4.58783308762663
2.2125	-4.64820460545712
2.225	-4.70307564904281
2.2375	-4.76313755744922
2.25	-4.83843045113591
2.2625	-4.89089340441889
2.275	-4.91865536711448
2.2875	-4.94471194462788
2.3	-4.98684700390699
2.3125	-5.03019959041313
2.325	-5.04570683082476
2.3375	-5.05353252264121
2.35	-5.06091204918971
2.3625	-5.07104385599779
2.375	-5.08176415302782
2.3875	-5.10258929257983
2.4	-5.1122898546718
2.4125	-5.11713527603274
2.425	-5.1382688030939
2.4375	-5.1665744901882
2.45	-5.19482830952008
2.4625	-5.22030947397091
2.475	-5.24224142182814
2.4875	-5.26940136345338
2.5	-5.29361358915181
2.5125	-5.32648548652498
2.525	-5.35354340991804
2.5375	-5.36653802051046
2.55	-5.38198063753843
2.5625	-5.3891434820688
2.575	-5.39267475260932
2.5875	-5.39559597235088
2.6	-5.39861237903891
2.6125	-5.40516555252745
2.625	-5.41256730847682
2.6375	-5.42343393406318
2.65	-5.43180810917889
2.6625	-5.44086137144571
2.675	-5.45060351264119
2.6875	-5.45690194149791
2.7	-5.46255032693437
2.7125	-5.46923092004565
2.725	-5.48162554909766
2.7375	-5.49839377884502
2.75	-5.51074465313341
2.7625	-5.51445355181531
2.775	-5.51886337329559
2.7875	-5.52244438960437
2.8	-5.54713891954226
2.8125	-5.57662673767145
2.825	-5.59013344478323
2.8375	-5.60453974631054
2.85	-5.6126574201873
2.8625	-5.61601506815809
2.875	-5.62039870681024
2.8875	-5.62509575794439
2.9	-5.63105100954476
2.9125	-5.65011546933103
2.925	-5.6615251128335
2.9375	-5.6747052226226
2.95	-5.69208421530346
2.9625	-5.70947946160156
2.975	-5.7224194264042
2.9875	-5.73432330490129
3	-5.74667539747258
3.0125	-5.76133228758534
3.025	-5.78209075425011
3.0375	-5.80334692341199
3.05	-5.82543582728736
3.0625	-5.8515852078638
3.075	-5.86950631211653
3.0875	-5.88930361799136
3.1	-5.91301793026247
3.1125	-5.94106880240138
3.125	-5.96079199140796
3.1375	-5.98797018526523
3.15	-6.00299727016255
3.1625	-6.03262171168325
3.175	-6.0531493681398
3.1875	-6.07302085110052
3.2	-6.08916350616979
3.2125	-6.12641314721456
3.225	-6.14937160319714
3.2375	-6.16933734849947
3.25	-6.17684674208459
3.2625	-6.18903782262534
3.275	-6.19894916231495
3.2875	-6.20530227773162
3.3	-6.21471000763066
3.3125	-6.2169012733761
3.325	-6.21759910135608
3.3375	-6.21991344771177
3.35	-6.22743356965119
3.3625	-6.23128576658585
3.375	-6.23398486024859
3.3875	-6.23752565716239
3.4	-6.24095452387744
3.4125	-6.2470143612629
3.425	-6.25188044104079
3.4375	-6.25695323703104
3.45	-6.2622995166988
3.4625	-6.268354631094
3.475	-6.2785885157825
3.4875	-6.29215984452341
3.5	-6.29793378797628
3.5125	-6.30363574718109
3.525	-6.31743201342349
3.5375	-6.33058383811157
3.55	-6.344343970568
3.5625	-6.35199115922333
3.575	-6.36266736875187
3.5875	-6.37067674796178
3.6	-6.3818549823316
3.6125	-6.38841212818668
3.625	-6.39679466779215
3.6375	-6.40580814193644
3.65	-6.41406062347988
3.6625	-6.42211428377827
3.675	-6.43340298897972
3.6875	-6.44050919973339
3.7	-6.44460820712659
3.7125	-6.44704980566015
3.725	-6.4484421977049
3.7375	-6.44945364475924
3.75	-6.44940562797636
3.7625	-6.4507050839379
3.775	-6.45302416445727
3.7875	-6.45697040661158
3.8	-6.45785595395666
3.8125	-6.45854569011223
3.825	-6.46008836509997
3.8375	-6.46283654615857
3.85	-6.46569721629065
3.8625	-6.46950549581274
3.875	-6.47047885644254
3.8875	-6.47372100351458
3.9	-6.47774114887017
3.9125	-6.47901878322304
3.925	-6.48021319990954
3.9375	-6.48156057425709
3.95	-6.48495964650805
3.9625	-6.48937605484629
3.975	-6.49633687536813
3.9875	-6.50154640478723
4	-6.50938694347951
4.0125	-6.51957989765057
4.025	-6.52144088457112
4.0375	-6.52521906971731
4.05	-6.52781030125805
4.0625	-6.5315878761065
4.075	-6.53428264013238
4.0875	-6.53485504647708
4.1	-6.53689689316268
4.1125	-6.5380507407968
4.125	-6.53973277948771
4.1375	-6.54233963959801
4.15	-6.54498326232177
4.1625	-6.54702130723931
4.175	-6.54949253483756
4.1875	-6.55221865859247
4.2	-6.55608201293983
4.2125	-6.56298955489827
4.225	-6.5650787503658
4.2375	-6.56681639526821
4.25	-6.56823884178954
4.2625	-6.57007591548032
4.275	-6.57065219718153
4.2875	-6.57361714483118
4.3	-6.57844936386216
4.3125	-6.58122941161733
4.325	-6.5831954184784
4.3375	-6.58410633922293
4.35	-6.58627823268878
4.3625	-6.58707626807657
4.375	-6.58818979499415
4.3875	-6.58926008149312
4.4	-6.58967704466451
4.4125	-6.59203530618356
4.425	-6.59345828606833
4.4375	-6.5956168244956
4.45	-6.59726892935957
4.4625	-6.60125732016755
4.475	-6.60418342194776
4.4875	-6.60659163550643
4.5	-6.60745853415751
4.5125	-6.60957366132955
4.525	-6.61137733178509
4.5375	-6.61339329877226
4.55	-6.61620411833071
4.5625	-6.62264717173899
4.575	-6.6280680628782
4.5875	-6.63037620442314
4.6	-6.63757143010273
4.6125	-6.65962222309782
4.625	-6.68303723818363
4.6375	-6.70135870542765
4.65	-6.71524252546605
4.6625	-6.72124187811153
4.675	-6.73135589161756
4.6875	-6.73974353514642
4.7	-6.75316352647483
4.7125	-6.76522237001366
4.725	-6.78102175145971
4.7375	-6.78914215347482
4.75	-6.79243032933234
4.7625	-6.79477326566565
4.775	-6.79555949825581
4.7875	-6.79531961149612
4.8	-6.79947061813746
4.8125	-6.8071211681349
4.825	-6.81443582161845
4.8375	-6.81910107745582
4.85	-6.83459923578954
4.8625	-6.84715654595091
4.875	-6.86839548899733
4.8875	-6.88698494308967
4.9	-6.92120113004696
4.9125	-6.95297752009771
4.925	-6.96802473630971
4.9375	-7.00009155712294
4.95	-7.0149680207557
4.9625	-7.02647317294878
4.975	-7.05737273199849
4.9875	-7.0701540989121
5	-7.10591040119171
5.0125	-7.12416334105865
5.025	-7.14904388273043
5.0375	-7.16558917560934
5.05	-7.18398817873584
5.0625	-7.20709228562651
5.075	-7.2189962061804
5.0875	-7.25187989809897
5.1	-7.29517984306501
5.1125	-7.32592266078819
5.125	-7.34730386922718
5.1375	-7.37219177853642
5.15	-7.38669203311247
5.1625	-7.40352079886383
5.175	-7.4215172402638
5.1875	-7.43467617520822
5.2	-7.44441899271958
5.2125	-7.45702950390217
5.225	-7.46169065281858
5.2375	-7.47103636717651
5.25	-7.47948758977907
5.2625	-7.4912355665848
5.275	-7.50265626141399
5.2875	-7.50586963105417
5.3	-7.51247970252746
5.3125	-7.51511552301912
5.325	-7.51701819580525
5.3375	-7.52259885696227
5.35	-7.52989851787603
5.3625	-7.53760942474202
5.375	-7.54285935152051
5.3875	-7.5532919248249
5.4	-7.5600404834828
5.4125	-7.56527741511602
5.425	-7.57361875237295
5.4375	-7.57862580816397
5.45	-7.59021559572373
5.4625	-7.60789196263052
5.475	-7.6179831297532
5.4875	-7.62840481305436
5.5	-7.63391674903641
5.5125	-7.64119851777895
5.525	-7.64764330262552
5.5375	-7.65738320391005
5.55	-7.67328565207845
5.5625	-7.68479810629457
5.575	-7.70460729022524
5.5875	-7.71583406106742
5.6	-7.73187577680947
5.6125	-7.73947319048324
5.625	-7.7507105856694
5.6375	-7.76263134264215
5.65	-7.76838055937057
5.6625	-7.77714045864156
5.675	-7.78280155806732
5.6875	-7.78816544705694
5.7	-7.79311980095943
5.7125	-7.80723642598906
5.725	-7.81468096151651
5.7375	-7.8192119756943
5.75	-7.83066618277883
5.7625	-7.83815083648652
5.775	-7.85293338669114
5.7875	-7.86475101377411
5.8	-7.86787029759774
5.8125	-7.87005303411265
5.825	-7.87346921276717
5.8375	-7.87660921669424
5.85	-7.8858149975622
5.8625	-7.89246625846473
5.875	-7.8946336485948
5.8875	-7.90247901302663
5.9	-7.91162407715741
5.9125	-7.91435906436931
5.925	-7.91783981151078
5.9375	-7.92054809905156
5.95	-7.92442915056573
5.9625	-7.92904301789131
5.975	-7.93074554466529
5.9875	-7.93448996160489
6	-7.94191715395353
6.0125	-7.94308995476379
6.025	-7.94469368125931
6.0375	-7.94945822544245
6.05	-7.95545291389947
6.0625	-7.96065944975342
6.075	-7.96703148260287
6.0875	-7.96918933576862
6.1	-7.96909676143912
6.1125	-7.96956390796563
6.125	-7.97179968552132
6.1375	-7.97476613328224
6.15	-7.97839921038799
6.1625	-7.98170536566659
6.175	-7.99067190036659
6.1875	-7.99310368855294
6.2	-8.00225407065149
6.2125	-8.01079334529311
6.225	-8.01764099151675
6.2375	-8.03152248254372
6.25	-8.06719782005706
6.2625	-8.10992507982267
6.275	-8.1333977884982
6.2875	-8.15852776705692
6.3	-8.19188874171232
6.3125	-8.21729017792751
6.325	-8.23772273298927
6.3375	-8.24731265584658
6.35	-8.26083144732561
6.3625	-8.2712810244004
6.375	-8.2803158320781
6.3875	-8.28934154704066
6.4	-8.30919552297132
6.4125	-8.31828784431372
6.425	-8.33258408648149
6.4375	-8.34894130880613
6.45	-8.35972660118216
6.4625	-8.39005017882724
6.475	-8.40920848678643
6.4875	-8.42532642682729
6.5	-8.43303339985227
6.5125	-8.43856998448123
6.525	-8.4410233748394
6.5375	-8.44404472090574
6.55	-8.44429377266564
6.5625	-8.44600600191091
6.575	-8.45022968528213
6.5875	-8.45374329231915
6.6	-8.45801473384947
6.6125	-8.46129088018415
6.625	-8.46413942777658
6.6375	-8.467845661173
6.65	-8.4702205791769
6.6625	-8.4716159588717
6.675	-8.47358561246626
6.6875	-8.47483000919061
6.7	-8.47805169185868
6.7125	-8.4785577049326
6.725	-8.47988177334058
6.7375	-8.48124867583546
6.75	-8.48165447213289
6.7625	-8.48351251410936
6.775	-8.48887988827193
6.7875	-8.49039584649942
6.8	-8.49197085452645
6.8125	-8.49322855842666
6.825	-8.49365369849086
6.8375	-8.49433248809619
6.85	-8.49706561254198
6.8625	-8.49823627197648
6.875	-8.49998411265927
6.8875	-8.50130646492113
6.9	-8.50425666115905
6.9125	-8.50448341583883
6.925	-8.5055033045853
6.9375	-8.50666808739432
6.95	-8.50781557450533
6.9625	-8.50896683918848
6.975	-8.51125847439996
6.9875	-8.51268792318444
7	-8.51388230465234
7.0125	-8.5144344028545
7.025	-8.51498671985218
7.0375	-8.51384579322566
7.05	-8.51285929986096
7.0625	-8.51344641098812
7.075	-8.51247472728116
7.0875	-8.51306446217725
7.1	-8.51299324037755
7.1125	-8.51335325675887
7.125	-8.51407951302457
7.1375	-8.51558753862652
7.15	-8.51685249924906
7.1625	-8.51833050410467
7.175	-8.52066674988535
7.1875	-8.52229481191128
7.2	-8.52311671401304
7.2125	-8.52373800553392
7.225	-8.52465257811715
7.2375	-8.52659308910123
7.25	-8.52783853217124
7.2625	-8.52879712216675
7.275	-8.53038359890007
7.2875	-8.53175344563205
7.3	-8.5330402835867
7.3125	-8.53365140576423
7.325	-8.53458206012173
7.3375	-8.53547617107477
7.35	-8.53702048227689
7.3625	-8.53800673251821
7.375	-8.53851389881664
7.3875	-8.53955916660427
7.4	-8.54053822848928
7.4125	-8.54155905275085
7.425	-8.54263237437295
7.4375	-8.54283554067957
7.45	-8.54311960763277
7.4625	-8.54301134472149
7.475	-8.54338216915024
7.4875	-8.54391952638464
7.5	-8.54544108543532
7.5125	-8.54709936419327
7.525	-8.54838874179177
7.5375	-8.5504371425043
7.55	-8.55305703334613
7.5625	-8.55499531735639
7.575	-8.55685258981135
7.5875	-8.55756861874727
7.6	-8.55929963110891
7.6125	-8.5605379423363
7.625	-8.56114443186639
7.6375	-8.56231422398655
7.65	-8.56292115988487
7.6625	-8.56343866691683
7.675	-8.56428175445277
7.6875	-8.5655432880725
7.7	-8.56663043844199
7.7125	-8.56664388209601
7.725	-8.56715882423276
7.7375	-8.56810293380975
7.75	-8.5689120057886
7.7625	-8.57076274372703
7.775	-8.5718387960605
7.7875	-8.57237357024139
7.8	-8.57238733577357
7.8125	-8.57230582569955
7.825	-8.57345294182214
7.8375	-8.57338539850925
7.85	-8.57365891978943
7.8625	-8.5746960310018
7.875	-8.57696056427405
7.8875	-8.58045728577816
7.9	-8.58228638820344
7.9125	-8.58472891397009
7.925	-8.58922011810653
7.9375	-8.59268310814786
7.95	-8.59422578454638
7.9625	-8.60073263397023
7.975	-8.60453507396227
7.9875	-8.60547226746372
8	-8.60500230797352
8.0125	-8.60870522484174
8.025	-8.60990245852636
8.0375	-8.61200943966325
8.05	-8.6140462574523
8.0625	-8.61540347585164
8.075	-8.61549783250013
8.0875	-8.61647212263379
8.1	-8.61840723755004
8.1125	-8.62179485088531
8.125	-8.62329589912582
8.1375	-8.62524454974791
8.15	-8.62658502247764
8.1625	-8.63300013997999
8.175	-8.64601809923348
8.1875	-8.65922615436012
8.2	-8.67091100186864
8.2125	-8.6761249282862
8.225	-8.68170738945844
8.2375	-8.6916542841596
8.25	-8.700639564828
8.2625	-8.71116650846385
8.275	-8.71926581248816
8.2875	-8.72662648105296
8.3	-8.74153318788087
8.3125	-8.75012400226053
8.325	-8.75499308549581
8.3375	-8.75760911285458
8.35	-8.7617059350764
8.3625	-8.76510347631376
8.375	-8.77011853345454
8.3875	-8.77332686959262
8.4	-8.77806100062206
8.4125	-8.78022324434714
8.425	-8.78164958166587
8.4375	-8.78388510046576
8.45	-8.78673872311819
8.4625	-8.78932540722671
8.475	-8.79052899193925
8.4875	-8.79426522389319
8.5	-8.79888067164291
8.5125	-8.80226014139892
8.525	-8.80389237443675
8.5375	-8.80613594899397
8.55	-8.80988157999323
8.5625	-8.81304568305964
8.575	-8.81379325299952
8.5875	-8.81565681063747
8.6	-8.82208426103817
8.6125	-8.82366561188444
8.625	-8.83431142830829
8.6375	-8.84333964285039
8.65	-8.85163118433628
8.6625	-8.85986032387001
8.675	-8.86913565772368
8.6875	-8.87325479846304
8.7	-8.87736693718629
8.7125	-8.88040185645329
8.725	-8.88323269682033
8.7375	-8.89001903611459
8.75	-8.89618062312606
8.7625	-8.90114382246985
8.775	-8.90331477358283
8.7875	-8.90351324305616
8.8	-8.9041206530999
8.8125	-8.90523741071326
8.825	-8.90837506334068
8.8375	-8.90938213581738
8.85	-8.91036635619334
8.8625	-8.91089400531739
8.875	-8.9121361221022
8.8875	-8.91278623349621
8.9	-8.91542633041957
8.9125	-8.91760334602554
8.925	-8.91882277310092
8.9375	-8.91974921163755
8.95	-8.92177013592944
8.9625	-8.9248852388996
8.975	-8.92714406934705
8.9875	-8.92844144232271
9	-8.92904196906744
9.0125	-8.92919410606413
9.025	-8.93050066394074
9.0375	-8.93165191052167
9.05	-8.93271693301741
9.0625	-8.93561983637025
9.075	-8.94036158967386
9.0875	-8.94473654507128
9.1	-8.9498352860517
9.1125	-8.95191070168496
9.125	-8.95315286700517
9.1375	-8.95491413862415
9.15	-8.95653553633507
9.1625	-8.95876695512213
9.175	-8.95983826366789
9.1875	-8.96381180716894
9.2	-8.96707898736351
9.2125	-8.96927752256701
9.225	-8.97218197986723
9.2375	-8.97634107731444
9.25	-8.97756830931421
9.2625	-8.98058546590298
9.275	-8.98758317637477
9.2875	-8.99819242664091
9.3	-9.00343240708904
9.3125	-9.0180763030562
9.325	-9.02671313463065
9.3375	-9.03591162492541
9.35	-9.04037728190104
9.3625	-9.05314728983651
9.375	-9.06016580507382
9.3875	-9.07322547156453
9.4	-9.08519930191862
9.4125	-9.10397929287467
9.425	-9.11009594699149
9.4375	-9.11846687965091
9.45	-9.12052384841646
9.4625	-9.12993957992706
9.475	-9.13994907642713
9.4875	-9.14736360311478
9.5	-9.15485984287204
9.5125	-9.16211817446318
9.525	-9.16690479329336
9.5375	-9.17518058211609
9.55	-9.18145525791766
9.5625	-9.18652275570525
9.575	-9.19548898172371
9.5875	-9.20776919395677
9.6	-9.22293221722599
9.6125	-9.23344447450378
9.625	-9.23931035642404
9.6375	-9.2416895855545
9.65	-9.24609492191802
9.6625	-9.25478164513107
9.675	-9.26707284147271
9.6875	-9.27324102682077
9.7	-9.28396393355717
9.7125	-9.30302963672581
9.725	-9.31761359146733
9.7375	-9.32124433225228
9.75	-9.32904874165533
9.7625	-9.33682721916191
9.775	-9.35271376235268
9.7875	-9.36227872557136
9.8	-9.36902560940253
9.8125	-9.37815725043396
9.825	-9.38262970739074
9.8375	-9.40117436366678
9.85	-9.41409976793323
9.8625	-9.43614283427493
9.875	-9.44787980559763
9.8875	-9.45693047889945
9.9	-9.47521231181244
9.9125	-9.48592738772742
9.925	-9.49947885883861
9.9375	-9.50664067425152
9.95	-9.51591356613758
9.9625	-9.52495150265023
9.975	-9.52790835792301
9.9875	-9.53505018248057
10	-9.54553147457817
10.0125	-9.55653097575717
10.025	-9.56629999782672
10.0375	-9.57553616307949
10.05	-9.58554171805308
10.0625	-9.5961985128546
10.075	-9.60215216963007
10.0875	-9.60904615746161
10.1	-9.61173942086181
10.1125	-9.61774827855321
10.125	-9.62069510409345
10.1375	-9.62129451409566
10.15	-9.62356614027913
10.1625	-9.62576171450153
10.175	-9.62693996738182
10.1875	-9.62819988952062
10.2	-9.6299532781372
10.2125	-9.63181607426885
10.225	-9.6339134351738
10.2375	-9.63639465879636
10.25	-9.64197920744606
10.2625	-9.64614562403858
10.275	-9.6476300216912
10.2875	-9.65266229032594
10.3	-9.65490038451997
10.3125	-9.66040294263968
10.325	-9.66643798148918
10.3375	-9.66977694790899
10.35	-9.67108436970976
10.3625	-9.67277336753566
10.375	-9.67562975233244
10.3875	-9.67833836310892
10.4	-9.68028802635628
10.4125	-9.68214462121586
10.425	-9.68494053716024
10.4375	-9.68796587937673
10.45	-9.68983532042645
10.4625	-9.69245461940191
10.475	-9.69367061426099
10.4875	-9.69498489466209
10.5	-9.69626251254145
10.5125	-9.69745314345162
10.525	-9.69882727008618
10.5375	-9.70007735297295
10.55	-9.70610114854584
10.5625	-9.70892706528851
10.575	-9.70900454927891
10.5875	-9.70954396220124
10.6	-9.70857134848252
10.6125	-9.70895811561033
10.625	-9.70852447264947
10.6375	-9.70921004965485
10.65	-9.71061195484751
10.6625	-9.71169509009138
10.675	-9.71321269912397
10.6875	-9.71354402505415
10.7	-9.71234466173573
10.7125	-9.71217584863586
10.725	-9.71376124365159
10.7375	-9.71524789536946
10.75	-9.71766211386507
10.7625	-9.72198464192459
10.775	-9.72262840851532
10.7875	-9.72307171460457
10.8	-9.72690351715817
10.8125	-9.72864289755587
10.825	-9.73148101345847
10.8375	-9.734462999945
10.85	-9.73528077797651
10.8625	-9.73850116821753
10.875	-9.74116924929475
10.8875	-9.74226456371543
10.9	-9.74380304821985
10.9125	-9.74772280015141
10.925	-9.75411241935332
10.9375	-9.76633289797745
10.95	-9.77311374464203
10.9625	-9.77894702127275
10.975	-9.78427662060407
10.9875	-9.79230898021778
11	-9.7982793776849
11.0125	-9.80524143884638
11.025	-9.81332378547189
11.0375	-9.82699140550299
11.05	-9.83654827167443
11.0625	-9.8431600397763
11.075	-9.86519689024239
11.0875	-9.88156384917547
11.1	-9.89912124820249
11.1125	-9.90528138505067
11.125	-9.91054333860996
11.1375	-9.91285176499611
11.15	-9.91603193343404
11.1625	-9.92106312195847
11.175	-9.92469873795935
11.1875	-9.92800690033372
11.2	-9.93063848559572
11.2125	-9.93504334532477
11.225	-9.94083798419999
11.2375	-9.94775055805288
11.25	-9.95657192549506
11.2625	-9.96038536538737
11.275	-9.96689495896335
11.2875	-9.96936985730928
11.3	-9.97441071350286
11.3125	-9.98322058929458
11.325	-9.99671234202132
11.3375	-10.0235762107366
11.35	-10.0400920000035
11.3625	-10.0586031104231
11.375	-10.0847323998644
11.3875	-10.1083495519187
11.4	-10.1321753482226
11.4125	-10.1508532203417
11.425	-10.1655803911601
11.4375	-10.1804373488116
11.45	-10.1884713765805
11.4625	-10.201812320614
11.475	-10.2244320115727
11.4875	-10.2424991894816
11.5	-10.2600869343756
11.5125	-10.2724847570546
11.525	-10.2769446049919
11.5375	-10.285630761429
11.55	-10.2922781287942
11.5625	-10.2984374424143
11.575	-10.3072556294359
11.5875	-10.3106826698873
11.6	-10.3148358082257
11.6125	-10.3196517237273
11.625	-10.3268706069612
11.6375	-10.3383326996249
11.65	-10.3455674998393
11.6625	-10.3502231556633
11.675	-10.3627667312383
11.6875	-10.3961791463056
11.7	-10.6784461379558
11.7125	-10.851448093816
11.725	-10.9315196495372
11.7375	-10.9649110557136
11.75	-11.2709969039812
11.7625	-11.4070154734313
11.775	-11.4941487387353
11.7875	-11.6837220766998
11.8	-11.8949647426997
11.8125	-12.0676030804723
11.825	-12.1461986436043
11.8375	-12.1881914487196
11.85	-12.3417930434316
11.8625	-12.5184841064656
11.875	-12.5910595026335
11.8875	-12.6105289432465
11.9	-12.7493924045602
11.9125	-12.9130561516678
11.925	-13.0423668834845
11.9375	-13.1999459695864
11.95	-13.3248804404924
11.9625	-13.4328257267757
11.975	-13.5558826937042
11.9875	-13.592706394987
12	-13.6700781833946
12.0125	-13.7819503448136
12.025	-13.8972769349477
12.0375	-13.9357119353999
12.05	-14.0551810774785
12.0625	-14.1026410113889
12.075	-14.2180703380606
12.0875	-14.5237832748859
12.1	-14.776912403157
12.1125	-15.104162598353
12.125	-15.4247498342439
12.1375	-15.5771394550899
12.15	-15.7252847202935
12.1625	-15.8746244787694
12.175	-16.0652850198181
12.1875	-16.3099873716219
12.2	-16.5076430826852
12.2125	-16.6496724896885
12.225	-16.6870540666571
12.2375	-16.9178028962945
12.25	-17.0741465656403
12.2625	-17.126535459239
12.275	-17.2222319020901
12.2875	-17.3254839288414
12.3	-17.5019006982909
12.3125	-17.6442760162277
12.325	-17.7101373615134
12.3375	-17.9151600477682
12.35	-17.9656405567556
12.3625	-18.0653110696121
12.375	-18.4135190518619
12.3875	-18.4626781617695
12.4	-18.7207375404955
12.4125	-18.9235330227573
12.425	-18.9610807491272
12.4375	-19.0817498079368
12.45	-19.3721954904781
12.4625	-19.5165543302654
12.475	-19.6795128421827
12.4875	-19.8054593423062
12.5	-20.0637040788501
12.5125	-20.1588584557808
12.525	-20.3516978925596
12.5375	-20.4954930741042
12.55	-20.6462793723917
12.5625	-20.6888837531541
12.575	-21.0161854798418
12.5875	-21.1231808299809
12.6	-21.2673004487478
12.6125	-21.350357066807
12.625	-21.6193701357341
12.6375	-21.733463295223
12.65	-21.9240512596681
12.6625	-22.0166083996546
12.675	-22.4441785035001
12.6875	-22.3658521245119
12.7	-22.4220182516389
12.7125	-22.592209461854
12.725	-22.581570829298
12.7375	-22.7576594995956
12.75	-22.5648110315417
12.7625	-22.717636332725
12.775	-22.8366386146047
12.7875	-22.8372950041169
12.8	-22.8578902222778
12.8125	-22.7511754371109
12.825	-22.9225640092429
12.8375	-23.0823672703407
12.85	-23.0193254543551
12.8625	-23.0181428173178
12.875	-23.0610809395698
12.8875	-23.256882099162
12.9	-23.3008045408568
12.9125	-23.3350524719774
12.925	-23.3911280743863
12.9375	-23.6381851005603
12.95	-23.7144193396795
12.9625	-23.8575850046893
12.975	-23.9458003087794
12.9875	-24.0630739329646
13	-24.131756587886
13.0125	-24.1621858842554
13.025	-24.2086144502348
13.0375	-24.2759537289578
13.05	-24.3850740377165
13.0625	-24.357244271403
13.075	-24.3824356649064
13.0875	-24.5399764126533
13.1	-24.4654706569243
13.1125	-24.5637721984803
13.125	-24.5565986353074
13.1375	-24.9127437079565
13.15	-24.951922999268
13.1625	-24.9426955955298
13.175	-24.9874436779272
13.1875	-25.1200702057825
13.2	-25.1948869008771
13.2125	-25.2105724222217
13.225	-25.2530554107739
13.2375	-25.3436061780035
13.25	-25.3594579851986
13.2625	-25.3615720805077
13.275	-25.4302137508553
13.2875	-25.4473893697956
13.3	-25.4939989692172
13.3125	-25.5291448463672
13.325	-25.5593177483539
13.3375	-25.6955983238371
13.35	-25.6563309961981
13.3625	-25.6744735912845
13.375	-25.6810807796054
13.3875	-25.7055289600828
13.4	-25.7595170508931
13.4125	-25.8430420172207
13.425	-25.8930933661493
13.4375	-25.964983728027
13.45	-25.9933881314289
13.4625	-26.1162200478368
13.475	-26.1245716549054
13.4875	-26.1858039568407
13.5	-26.2925057974754
13.5125	-26.3876381809561
13.525	-26.4706412067852
13.5375	-26.4755584485069
13.55	-26.5429021454296
13.5625	-26.5794936587669
13.575	-26.5882155999469
13.5875	-26.6488531844668
13.6	-26.6650542800015
13.6125	-26.6993329593857
13.625	-26.734817133581
13.6375	-26.7551362410471
13.65	-26.7767366299746
13.6625	-26.8454148752574
13.675	-26.8711258066461
13.6875	-26.9663483234443
13.7	-26.9951050789074
13.7125	-27.0407358851766
13.725	-27.0617353051331
13.7375	-27.0448925846841
13.75	-27.0902098937345
13.7625	-27.1217203038901
13.775	-27.0686559826884
13.7875	-27.0175369379017
13.8	-26.9994527794969
13.8125	-26.9120871163424
13.825	-26.8900364349966
13.8375	-26.7833314437027
13.85	-26.7856127495446
13.8625	-26.7484287145845
13.875	-26.707306870281
13.8875	-26.6657353282103
13.9	-26.6878280120337
13.9125	-26.6689983857724
13.925	-26.6192163521585
13.9375	-26.5954986231397
13.95	-26.5689909769813
13.9625	-26.6100048172251
13.975	-26.7017129650166
13.9875	-26.7650994699394
14	-26.8847286389305
14.0125	-26.9161354143131
14.025	-26.9841565928452
14.0375	-27.0394313864871
14.05	-27.0376055161431
14.0625	-27.0322933648631
14.075	-27.0600586925871
14.0875	-27.2008757507026
14.1	-27.2971838462727
14.1125	-27.4309794093036
14.125	-27.4941636078834
14.1375	-27.5377088375465
14.15	-27.5653914677416
14.1625	-27.6094817177947
14.175	-27.6714365414243
14.1875	-27.7148502708121
14.2	-27.73976302513
14.2125	-27.7687788905127
14.225	-27.794013925807
14.2375	-27.8628186137346
14.25	-27.8795039572694
14.2625	-27.9071625132408
14.275	-28.0156268926961
14.2875	-28.0965719432659
14.3	-28.2302947661515
14.3125	-28.4228225865433
14.325	-28.5235262891948
14.3375	-28.6078660317873
14.35	-28.6602523346765
14.3625	-28.6620559495015
14.375	-28.7054377965453
14.3875	-28.7573482359502
14.4	-28.7741215996495
14.4125	-28.8109415311054
14.425	-28.875053900893
14.4375	-28.9163585102474
14.45	-28.9518977916052
14.4625	-29.0117934362256
14.475	-29.0899767095058
14.4875	-29.0999506688254
14.5	-29.12157527764
14.5125	-29.1250656344225
14.525	-29.1605453792368
14.5375	-29.1961381240265
14.55	-29.198157093002
14.5625	-29.2056355306982
14.575	-29.2343053137983
14.5875	-29.2484678508904
14.6	-29.2586695451911
14.6125	-29.2775442061323
14.625	-29.3129570812941
14.6375	-29.320528609811
14.65	-29.2784045048946
14.6625	-29.3057392527997
14.675	-29.3051092112542
14.6875	-29.3563434023811
14.7	-29.3672737239756
14.7125	-29.3884970585446
14.725	-29.4018214356008
14.7375	-29.428326041055
14.75	-29.4266391142631
14.7625	-29.4214016897871
14.775	-29.4082752618458
14.7875	-29.4147400367254
14.8	-29.4539950887585
14.8125	-29.4591688544335
14.825	-29.4331047432223
14.8375	-29.5612068635779
14.85	-29.5570501336268
14.8625	-29.5177680828061
14.875	-29.5464476190887
14.8875	-29.5698422716372
14.9	-29.5984093511431
14.9125	-29.635836028763
14.925	-29.638507646665
14.9375	-29.6268302502476
14.95	-29.6428728002026
14.9625	-29.5675007269286
14.975	-29.5978954946584
14.9875	-29.5965492691617
15	-29.6371332589614
15.0125	-29.6353843794958
15.025	-29.6272901437108
15.0375	-29.6883528980183
15.05	-29.699922825645
15.0625	-29.7195030743557
15.075	-29.7201398919626
15.0875	-29.7440727619896
15.1	-29.7449774650628
15.1125	-29.7559835184061
15.125	-29.7963321550308
15.1375	-29.7897382437702
15.15	-29.8068539496142
15.1625	-29.818465959294
15.175	-29.8233911299464
15.1875	-29.8350381814755
15.2	-29.8659767342985
15.2125	-29.9037569411771
15.225	-29.9325309771425
15.2375	-29.9522450153446
15.25	-29.9649631376794
15.2625	-30.0097991038129
15.275	-30.0671228388192
15.2875	-30.1441398829683
15.3	-30.1967786528081
15.3125	-30.2211462616789
15.325	-30.240990816126
15.3375	-30.2442050938592
15.35	-30.3123985003266
15.3625	-30.295494982271
15.375	-30.3225874831182
15.3875	-30.3471346234794
15.4	-30.3825948220655
15.4125	-30.3368252338599
15.425	-30.3216580981474
15.4375	-30.3822128881972
15.45	-30.4063902074938
15.4625	-30.4318655404884
15.475	-30.447620414183
15.4875	-30.3440974090467
15.5	-30.3596912173641
15.5125	-30.218422562216
15.525	-30.2291470780756
15.5375	-30.2882436653466
15.55	-30.4245957165158
15.5625	-30.3327497796197
15.575	-30.4334254534521
15.5875	-30.3918376586448
15.6	-30.4021120013042
15.6125	-30.4405084814507
15.625	-30.3945571433122
15.6375	-30.3155374859183
15.65	-30.3771269258493
15.6625	-30.3936538455329
15.675	-30.277087110714
15.6875	-30.409238337479
15.7	-30.3719866160873
15.7125	-30.3526202256166
15.725	-30.1978027405487
15.7375	-30.1017589712446
15.75	-30.1247211577443
15.7625	-30.1318033359468
15.775	-30.0767626546813
15.7875	-30.2488868253657
15.8	-30.5543276266834
15.8125	-30.4530515971519
15.825	-30.3827626996655
15.8375	-30.4593293849143
15.85	-30.4785616982373
15.8625	-30.5006131173636
15.875	-30.4855984897338
15.8875	-30.4713046979487
15.9	-30.5259485989531
15.9125	-30.5341865653939
15.925	-30.5339004825657
15.9375	-30.5274092375801
15.95	-30.5237593239047
15.9625	-30.4694624668726
15.975	-30.4920171394681
15.9875	-30.5033782460636
16	-30.545535127965
16.0125	-30.5996102502482
16.025	-30.6615416248116
16.0375	-30.7112249207357
16.05	-30.7669135709605
16.0625	-30.7644180192148
16.075	-30.7933129927698
16.0875	-30.826637573256
16.1	-30.8363727102887
16.1125	-30.9115310064477
16.125	-30.9283117416352
16.1375	-30.9464601335539
16.15	-30.9542084775111
16.1625	-30.9784920491801
16.175	-31.0536200744836
16.1875	-31.0356687705274
16.2	-31.0562486192267
16.2125	-31.0584827873338
16.225	-31.0453242072467
16.2375	-31.0684355071501
16.25	-31.0932913855594
16.2625	-31.1254482000446
16.275	-31.1683145966248
16.2875	-31.1854003977547
16.3	-31.2023499702815
16.3125	-31.2378398286765
16.325	-31.3210245919348
16.3375	-31.3112632080501
16.35	-31.3022689836383
16.3625	-31.3219028292152
16.375	-31.2947841408731
16.3875	-31.3344727199061
16.4	-31.3776311393459
16.4125	-31.3937199531079
16.425	-31.4424858342289
16.4375	-31.4746289182579
16.45	-31.4830393523834
16.4625	-31.5169905418852
16.475	-31.5508735133202
16.4875	-31.6359274814901
16.5	-31.7046977961457
16.5125	-31.7440037343845
16.525	-31.7774967698674
16.5375	-31.7920401232216
16.55	-31.965610602702
16.5625	-32.0344565596193
16.575	-32.066452284822
16.5875	-32.1157248758587
16.6	-32.1903753522422
16.6125	-32.3058590315496
16.625	-32.4249793387544
16.6375	-32.4797182862842
16.65	-32.4712875643359
16.6625	-32.526530236722
16.675	-32.7108786466941
16.6875	-32.7289741097996
16.7	-32.8255096682143
16.7125	-32.9606223691183
16.725	-33.0872875842117
16.7375	-33.1102704840252
16.75	-33.0661069845958
16.7625	-33.0795962796689
16.775	-33.0440958737143
16.7875	-33.0823221583926
16.8	-33.0298101221047
16.8125	-33.0828500829672
16.825	-33.0915753541838
16.8375	-33.1039350809335
16.85	-33.0769555838857
16.8625	-33.109635227848
16.875	-33.1372982283423
16.8875	-33.1939815119315
16.9	-33.1640111281745
16.9125	-33.1682159040426
16.925	-33.1831316523479
16.9375	-33.1235794962526
16.95	-33.1098647179023
16.9625	-33.1326235345095
16.975	-33.0936202240695
16.9875	-33.0715076524753
17	-33.1182766022215
17.0125	-33.0969154302703
17.025	-33.1516791138351
17.0375	-33.1170064966666
17.05	-33.0648074612704
17.0625	-33.1127894381077
17.075	-33.0479442670049
17.0875	-32.9903981605589
17.1	-32.8989658122568
17.1125	-33.0495570308676
17.125	-33.0047013584069
17.1375	-32.7344505478232
17.15	-32.4800136911024
17.1625	-32.7495045045997
17.175	-32.278390988877
17.1875	-32.5113018187231
17.2	-32.4554189189315
17.2125	-32.5124674586446
17.225	-32.3082810832568
17.2375	-31.7822481211348
17.25	-31.6103798791211
17.2625	-31.9104669778991
17.275	-32.1489100337545
17.2875	-32.1671143138322
17.3	-31.8961683376034
17.3125	-31.7824151610285
17.325	-31.8029045918637
17.3375	-31.7461522799299
17.35	-31.8975784482704
17.3625	-32.0420153745301
17.375	-32.1837796747375
17.3875	-32.3935186955555
17.4	-32.3489285886887
17.4125	-32.3880881628893
17.425	-32.4379311330672
17.4375	-32.5089118642365
17.45	-32.5276787757666
17.4625	-32.6377156302726
17.475	-32.6462508300784
17.4875	-32.7083608050189
17.5	-32.6907110773924
17.5125	-32.666003845263
17.525	-32.6750283796761
17.5375	-32.6867390322398
17.55	-32.6462046107686
17.5625	-32.7568906180957
17.575	-32.780146933371
17.5875	-32.8328541063736
17.6	-32.8324360123527
17.6125	-32.7844171819785
17.625	-32.6906864924307
17.6375	-32.7090258341538
17.65	-32.7054134378641
17.6625	-32.6976990373192
17.675	-32.7301254794203
17.6875	-32.8050646625915
17.7	-32.8074837140163
17.7125	-32.8363969178566
17.725	-32.8754238151976
17.7375	-32.931177423938
17.75	-33.0232022799311
17.7625	-33.0462718385448
17.775	-33.1634344927422
17.7875	-33.3786173949066
17.8	-33.4386281792934
17.8125	-33.5066902553178
17.825	-33.5661587233452
17.8375	-33.5441120613599
17.85	-33.609325713879
17.8625	-33.6961161415105
17.875	-33.7286561318984
17.8875	-33.7439135706403
17.9	-33.7685716120695
17.9125	-33.7844999774783
17.925	-33.781993260216
17.9375	-33.7982576851993
17.95	-33.8032343035147
17.9625	-33.8281327463164
17.975	-33.8614542071007
17.9875	-33.9027239288223
18	-33.9740038319526
18.0125	-34.1563211107672
18.025	-34.1881013208933
18.0375	-34.2267404393433
18.05	-34.323844821095
18.0625	-34.3151714616462
18.075	-34.3937030115657
18.0875	-34.4966140724235
18.1	-34.5059912811806
18.1125	-34.5357892034841
18.125	-34.5107569121338
18.1375	-34.5281570668229
18.15	-34.5645882136815
18.1625	-34.5732733104791
18.175	-34.6202698844045
18.1875	-34.6425789608385
18.2	-34.608886333636
18.2125	-34.584918256005
18.225	-34.6151814055431
18.2375	-34.573887999824
18.25	-34.6287954784975
18.2625	-34.5003071359899
18.275	-34.6479396551321
18.2875	-34.8305437703578
18.3	-34.7883630044316
18.3125	-34.6488702619321
18.325	-34.4881173399171
18.3375	-34.6654123880105
18.35	-34.6288108663062
18.3625	-34.6225372307833
18.375	-34.5386870810153
18.3875	-34.6093943442033
18.4	-34.6112765373389
18.4125	-34.6200147539894
18.425	-34.6377095998605
18.4375	-34.7001208742762
18.45	-34.6168817897677
18.4625	-34.5010576250924
18.475	-34.6642194955219
18.4875	-34.2547499671902
18.5	-34.2852196054002
18.5125	-34.4920871753455
18.525	-34.3107751077487
18.5375	-34.6682199306549
18.55	-34.4885562526107
18.5625	-34.1481178531792
18.575	-34.7555560050535
18.5875	-34.1750941897317
18.6	-34.5512748657018
18.6125	-34.4995204423924
18.625	-34.4811672266977
18.6375	-34.3796253039816
18.65	-34.8981744230336
18.6625	-34.0508524908134
18.675	-34.4977326798783
18.6875	-34.7213054193026
18.7	-34.5361404974222
18.7125	-34.9515760886696
18.725	-34.7138747856357
18.7375	-34.8152765904037
18.75	-34.83520933343
18.7625	-34.8161043063353
18.775	-34.9832752220302
18.7875	-34.9606406688671
18.8	-34.9750518752039
18.8125	-34.9040856222137
18.825	-34.9783612625733
18.8375	-35.1715178217103
18.85	-35.184047524589
18.8625	-35.1298690547004
18.875	-35.1537485940196
18.8875	-35.1257617411375
18.9	-34.9942653820435
18.9125	-35.0208350871526
18.925	-35.0175785234675
18.9375	-35.0313373529003
18.95	-35.0376455257591
18.9625	-35.0570376364671
18.975	-35.0037252249641
18.9875	-34.9841934338537
19	-34.8349407288724
19.0125	-34.7153488498015
19.025	-34.6163521231913
19.0375	-34.6329546814875
19.05	-34.6872173124795
19.0625	-34.9278578638035
19.075	-34.8918350781017
19.0875	-34.8345897319038
19.1	-34.7527106796107
19.1125	-34.7356271088239
19.125	-34.7721402955106
19.1375	-34.7842161960396
19.15	-34.8185559816404
19.1625	-34.8051853377903
19.175	-34.8566394077218
19.1875	-34.8518508871615
19.2	-34.8501995713994
19.2125	-34.8333072766262
19.225	-34.8497811661685
19.2375	-34.92940137687
19.25	-34.9836527824996
19.2625	-34.9943661547443
19.275	-35.0942829876915
19.2875	-35.1598435114593
19.3	-35.0323740970743
19.3125	-34.9949211139631
19.325	-35.003804866025
19.3375	-35.0412856078826
19.35	-35.0364681798856
19.3625	-34.9845032968205
19.375	-34.959254906397
19.3875	-35.0234881655645
19.4	-35.0557669830178
19.4125	-35.0079245315934
19.425	-35.0096244975418
19.4375	-35.0297910640377
19.45	-35.0119786477579
19.4625	-34.9961986580242
19.475	-35.056320006955
19.4875	-35.1193995174502
19.5	-35.1105706118833
19.5125	-35.1277679575493
19.525	-35.194026807433
19.5375	-35.2395378277716
19.55	-35.2866504816118
19.5625	-35.2580043134902
19.575	-35.255159673226
19.5875	-35.3084754005503
19.6	-35.2935124753889
19.6125	-35.4164735093714
19.625	-35.4216973428856
19.6375	-35.4943001804909
19.65	-35.4951552510626
19.6625	-35.4901644168556
19.675	-35.4544097053727
19.6875	-35.5037583730103
19.7	-35.4686506239776
19.7125	-35.4228549884519
19.725	-35.4951266544851
19.7375	-35.4659427619162
19.75	-35.5528595364883
19.7625	-35.4987073539266
19.775	-35.5634139451185
19.7875	-35.5790644818701
19.8	-35.6448622143004
19.8125	-35.6813811868008
19.825	-35.6643059476884
19.8375	-35.6282239124508
19.85	-35.6058800668896
19.8625	-35.6014000823994
19.875	-35.493363246062
19.8875	-35.5062389572539
19.9	-35.4464741937235
19.9125	-35.4383042325936
19.925	-35.3521027195488
19.9375	-35.4327241566084
19.95	-35.4465059087397
19.9625	-35.4786161625811
19.975	-35.51881511294
19.9875	-35.5602276946146
20	-35.7090773165837
20.0125	-35.7345279558913
20.025	-35.7888526640988
20.0375	-35.8602843522545
20.05	-35.8556672855164
20.0625	-35.9815704115112
20.075	-36.0617236928699
20.0875	-36.0678954478036
20.1	-36.0631306423892
20.1125	-36.0777041925891
20.125	-36.0344233373413
20.1375	-36.0325386839337
20.15	-36.0217102759526
20.1625	-36.005524897166
20.175	-35.9823037511932
20.1875	-35.9868084791709
20.2	-35.9610634451301
20.2125	-35.9398756572279
20.225	-35.9432516180015
20.2375	-35.928376103394
20.25	-35.9463394286695
20.2625	-35.9834577120611
20.275	-36.0388062592462
20.2875	-36.0141002867868
20.3	-36.016645421317
20.3125	-36.024898142301
20.325	-36.0383677564342
20.3375	-36.0546569371759
20.35	-36.0846257169023
20.3625	-36.0778378320851
20.375	-36.08436192333
20.3875	-36.1015114846325
20.4	-36.1002149040528
20.4125	-36.1044677079049
20.425	-36.1070183888138
20.4375	-36.1557531858595
20.45	-36.1400581876328
20.4625	-36.1276525664623
20.475	-36.114044126385
20.4875	-36.1199174526623
20.5	-36.0973655902948
20.5125	-36.0681274730449
20.525	-36.1062271011072
20.5375	-36.1102199800121
20.55	-36.1016316306792
20.5625	-36.0617064178404
20.575	-36.0294458250738
20.5875	-36.0066285212531
20.6	-36.0127793271288
20.6125	-36.0164262384143
20.625	-36.0108372936198
20.6375	-36.0087783218007
20.65	-36.0129755220737
20.6625	-36.0137961305938
20.675	-35.9961215249718
20.6875	-36.0053712914465
20.7	-35.9815643513806
20.7125	-35.9682333946765
20.725	-35.9724329538457
20.7375	-35.9692182850653
20.75	-35.9638565929328
20.7625	-35.9609327012637
20.775	-35.9441314097434
20.7875	-35.9754003093417
20.8	-35.9642889259888
20.8125	-35.9128329832213
20.825	-35.9478235379239
20.8375	-35.9475730611854
20.85	-35.9338487962074
20.8625	-35.9256263012599
20.875	-35.9200837319182
20.8875	-35.9158288992034
20.9	-35.9236312250149
20.9125	-35.9361362725547
20.925	-35.9475757652185
20.9375	-35.9715582220944
20.95	-35.9848964996724
20.9625	-35.9906551579711
20.975	-36.0308047258434
20.9875	-36.0363714417998
21	-36.0504200995468
21.0125	-36.0748659328776
21.025	-36.0803899138092
21.0375	-36.1093508157188
21.05	-36.1202277658138
21.0625	-36.1050615661991
21.075	-36.0531354101559
21.0875	-36.0386003493229
21.1	-36.0224758190274
21.1125	-36.0060786182137
21.125	-36.0107228580855
21.1375	-36.0371014331708
21.15	-36.0447912863773
21.1625	-36.0631081935106
21.175	-36.0807576737511
21.1875	-36.1124839134145
21.2	-36.1212641262792
21.2125	-36.1266189500438
21.225	-36.1282281968972
21.2375	-36.1317480284201
21.25	-36.1454510725942
21.2625	-36.1639910532583
21.275	-36.1778254830987
21.2875	-36.1770212049917
21.3	-36.1806735258395
21.3125	-36.1853662779487
21.325	-36.1844910187184
21.3375	-36.2017383837881
21.35	-36.2158738402212
21.3625	-36.2289978853246
21.375	-36.2309133559226
21.3875	-36.2347089193232
21.4	-36.2199456082233
21.4125	-36.2225569157065
21.425	-36.2178974070599
21.4375	-36.224402094846
21.45	-36.2167133521446
21.4625	-36.212674608991
21.475	-36.2079807255999
21.4875	-36.2036479860228
21.5	-36.1961477367004
21.5125	-36.1987172493591
21.525	-36.192705331228
21.5375	-36.1925877253852
21.55	-36.1887639917854
21.5625	-36.1789949147008
21.575	-36.1760136952296
21.5875	-36.1843250251292
21.6	-36.1807637624681
21.6125	-36.1689936766666
21.625	-36.1718401627177
21.6375	-36.1660452433191
21.65	-36.17433295392
21.6625	-36.1841338373243
21.675	-36.1842138920995
21.6875	-36.189678931767
21.7	-36.1772906781331
21.7125	-36.176327169217
21.725	-36.1302371125626
21.7375	-36.10746134446
21.75	-36.11368599697
21.7625	-36.1323362864501
21.775	-36.1006124380866
21.7875	-36.1039358400136
21.8	-36.1071825421172
21.8125	-36.1035889627107
21.825	-36.0973737561887
21.8375	-36.0961073811519
21.85	-36.0943064363602
21.8625	-36.0856225423032
21.875	-36.0877951925838
21.8875	-36.0857196162634
21.9	-36.0762530585534
21.9125	-36.0690130228893
21.925	-36.0716413588519
21.9375	-36.0666952705701
21.95	-36.0663267292194
21.9625	-36.0639990468676
21.975	-36.0630921432005
21.9875	-36.0693983939301
22	-36.0768218521769
22.0125	-36.0789666221038
22.025	-36.0792558170715
22.0375	-36.0758295987878
22.05	-36.0763644453298
22.0625	-36.0795526796928
22.075	-36.0778452479166
22.0875	-36.0751151851389
22.1	-36.0733651982191
22.1125	-36.0691721348128
22.125	-36.0667837260798
22.1375	-36.0657816686318
22.15	-36.0675728152421
22.1625	-36.0783978824388
22.175	-36.0744955999667
22.1875	-36.0599293803051
22.2	-36.0542123186378
22.2125	-36.0533529623985
22.225	-36.0569361389502
22.2375	-36.0480303583922
22.25	-36.0526384413218
22.2625	-36.0584089638083
22.275	-36.0713584506946
22.2875	-36.0851424233981
22.3	-36.0919836244002
22.3125	-36.1073698151523
22.325	-36.1107477121567
22.3375	-36.1096553080568
22.35	-36.1004058914165
22.3625	-36.0936835222004
22.375	-36.0864707181796
22.3875	-36.0822881528902
22.4	-36.0819381752255
22.4125	-36.0733789371284
22.425	-36.0833134976947
22.4375	-36.0852641800985
22.45	-36.0839332455244
22.4625	-36.0882319733947
22.475	-36.0767668412653
22.4875	-36.0854642754841
22.5	-36.0924069834854
22.5125	-36.0823080431199
22.525	-36.0997409594475
22.5375	-36.1103966746848
22.55	-36.1205228862158
22.5625	-36.1258090818618
22.575	-36.126596457719
22.5875	-36.1379483976691
22.6	-36.1361280980852
22.6125	-36.142989172222
22.625	-36.1503944554576
22.6375	-36.164421358342
22.65	-36.1749359921169
22.6625	-36.1678558472437
22.675	-36.1532799753311
22.6875	-36.1414479641088
22.7	-36.132053222514
22.7125	-36.1162336239723
22.725	-36.1230532134042
22.7375	-36.1311074813793
22.75	-36.1479637022723
22.7625	-36.1600367847419
22.775	-36.1644108053542
22.7875	-36.1653692625468
22.8	-36.1820349398155
22.8125	-36.1753601304282
22.825	-36.1728248051396
22.8375	-36.1745443160903
22.85	-36.1657914598315
22.8625	-36.1677827032577
22.875	-36.1619957279142
22.8875	-36.1629066612819
22.9	-36.1701623006027
22.9125	-36.1739431212808
22.925	-36.1798726070155
22.9375	-36.1560018484311
22.95	-36.1508947853699
22.9625	-36.1467352594752
22.975	-36.1674298530625
22.9875	-36.1709992605378
23	-36.1749189454777
23.0125	-36.1665112055077
23.025	-36.1687508167172
23.0375	-36.164308391781
23.05	-36.1787313572752
23.0625	-36.1903524615417
23.075	-36.1995327153258
23.0875	-36.196906089114
23.1	-36.2027088257486
23.1125	-36.2081028716594
23.125	-36.2123300742939
23.1375	-36.2192369513085
23.15	-36.2169488144327
23.1625	-36.2156456103709
23.175	-36.2206256406948
23.1875	-36.245609409205
23.2	-36.2457090567675
23.2125	-36.2464553360653
23.225	-36.2543396437943
23.2375	-36.2557076201178
23.25	-36.2544070774972
23.2625	-36.2433015685312
23.275	-36.2383431968674
23.2875	-36.2286921197419
23.3	-36.219882222075
23.3125	-36.2544870492188
23.325	-36.2457962124414
23.3375	-36.2566113073897
23.35	-36.2525485801091
23.3625	-36.2732226274107
23.375	-36.266769963796
23.3875	-36.2763161916833
23.4	-36.262123146621
23.4125	-36.2570206414693
23.425	-36.249107212421
23.4375	-36.2497869892053
23.45	-36.2637832363708
23.4625	-36.2545202006296
23.475	-36.2592061987194
23.4875	-36.2652578217585
23.5	-36.2787796148351
23.5125	-36.2887260495931
23.525	-36.2867127849302
23.5375	-36.3206874197498
23.55	-36.3148025664867
23.5625	-36.2923936844362
23.575	-36.27876924638
23.5875	-36.267864995514
23.6	-36.265794544972
23.6125	-36.2681314567997
23.625	-36.2766523111422
23.6375	-36.2729845400566
23.65	-36.2629480360011
23.6625	-36.2638365876919
23.675	-36.2723465103838
23.6875	-36.2769659898085
23.7	-36.2901056543487
23.7125	-36.2990120598241
23.725	-36.3003389409706
23.7375	-36.2861698842632
23.75	-36.2763242984831
23.7625	-36.2749871104347
23.775	-36.2761777461214
23.7875	-36.2885743979459
23.8	-36.2991882944509
23.8125	-36.2969746849449
23.825	-36.2920033774159
23.8375	-36.2898603526463
23.85	-36.2894405354119
23.8625	-36.2919642935843
23.875	-36.2936818322058
23.8875	-36.2902024217241
23.9	-36.291158549231
23.9125	-36.2975676060515
23.925	-36.3023889925018
23.9375	-36.3043245769282
23.95	-36.3029516293847
23.9625	-36.2949643571964
23.975	-36.2909924310534
23.9875	-36.2834666291025
24	-36.279571421559
24.0125	-36.2766223685552
24.025	-36.2975654814569
24.0375	-36.2870681463827
24.05	-36.2724641516778
24.0625	-36.2688623228592
24.075	-36.2971089087756
24.0875	-36.2856541699871
24.1	-36.2771416516801
24.1125	-36.2694372190964
24.125	-36.252283464565
24.1375	-36.2500402209147
24.15	-36.2486354686464
24.1625	-36.2624620521296
24.175	-36.2720518036073
24.1875	-36.2669469787018
24.2	-36.2723002096743
24.2125	-36.2562956821242
24.225	-36.2450195114617
24.2375	-36.2431998388742
24.25	-36.2075786305076
24.2625	-36.2311026219209
24.275	-36.2391212875313
24.2875	-36.2482912074608
24.3	-36.2746071078434
24.3125	-36.2664913385976
24.325	-36.2505953448818
24.3375	-36.2309308126186
24.35	-36.226277495507
24.3625	-36.2197152060764
24.375	-36.2218998086726
24.3875	-36.2047192224233
24.4	-36.1991276262634
24.4125	-36.189729757531
24.425	-36.1937270666453
24.4375	-36.1821749827776
24.45	-36.1805350663178
24.4625	-36.181705294706
24.475	-36.1713593898369
24.4875	-36.1629356380379
24.5	-36.1396448667484
24.5125	-36.1203814994292
24.525	-36.1272288970687
24.5375	-36.1355574874361
24.55	-36.1329751002818
24.5625	-36.1346859335883
24.575	-36.1568887070108
24.5875	-36.1541112263117
24.6	-36.1541112263117
24.6125	-36.1541112263117
24.625	-36.1541112263117
24.6375	-36.1541112263117
24.65	-36.1541112263117
24.6625	-36.1541112263117
24.675	-36.1541112263117
24.6875	-36.1541112263117
24.7	-36.1541112263117
24.7125	-36.1541112263117
24.725	-36.1541112263117
24.7375	-36.1541112263117
24.75	-36.1541112263117
24.7625	-36.1541112263117
24.775	-36.1541112263117
24.7875	-36.1541112263117
24.8	-36.1541112263117
24.8125	-36.1541112263117
24.825	-36.1541112263117
24.8375	-36.1541112263117
24.85	-36.1541112263117
24.8625	-36.1541112263117
24.875	-36.1541112263117
24.8875	-36.1541112263117
24.9	-36.1541112263117
24.9125	-36.1541112263117
24.925	-36.1541112263117
24.9375	-36.1541112263117
24.95	-36.1541112263117
24.9625	-36.1541112263117
24.975	-36.1541112263117
24.9875	-36.1541112263117
25	-36.1541112263117
25.0125	-36.1541112263117
25.025	-36.1541112263117
25.0375	-36.1541112263117
25.05	-36.1541112263117
25.0625	-36.1541112263117
25.075	-36.1541112263117
25.0875	-36.1541112263117
25.1	-36.1541112263117
25.1125	-36.1541112263117
25.125	-36.1541112263117
25.1375	-36.1541112263117
25.15	-36.1541112263117
25.1625	-36.1541112263117
25.175	-36.1541112263117
25.1875	-36.1541112263117
25.2	-36.1541112263117
25.2125	-36.1541112263117
25.225	-36.1541112263117
25.2375	-36.1541112263117
25.25	-36.1541112263117
25.2625	-36.1541112263117
25.275	-36.1541112263117
25.2875	-36.1541112263117
25.3	-36.1541112263117
25.3125	-36.1541112263117
25.325	-36.1541112263117
25.3375	-36.1541112263117
25.35	-36.1541112263117
25.3625	-36.1541112263117
25.375	-36.1541112263117
25.3875	-36.1541112263117
25.4	-36.1541112263117
25.4125	-36.1541112263117
25.425	-36.1541112263117
25.4375	-36.1541112263117
25.45	-36.1541112263117
25.4625	-36.1541112263117
25.475	-36.1541112263117
25.4875	-36.1541112263117
25.5	-36.1541112263117
25.5125	-36.1541112263117
25.525	-36.1541112263117
25.5375	-36.1541112263117
25.55	-36.1541112263117
25.5625	-36.1541112263117
25.575	-36.1541112263117
25.5875	-36.1541112263117
25.6	-36.1541112263117
25.6125	-36.1541112263117
25.625	-36.1541112263117
25.6375	-36.1541112263117
25.65	-36.1541112263117
25.6625	-36.1541112263117
25.675	-36.1541112263117
25.6875	-36.1541112263117
25.7	-36.1541112263117
25.7125	-36.1541112263117
25.725	-36.1541112263117
25.7375	-36.1541112263117
25.75	-36.1541112263117
25.7625	-36.1541112263117
25.775	-36.1541112263117
25.7875	-36.1541112263117
25.8	-36.1541112263117
25.8125	-36.1541112263117
25.825	-36.1541112263117
25.8375	-36.1541112263117
25.85	-36.1541112263117
25.8625	-36.1541112263117
25.875	-36.1541112263117
25.8875	-36.1541112263117
25.9	-36.1541665419318
25.9125	-36.1551060688873
25.925	-36.156932029131
25.9375	-36.1586836712025
25.95	-36.1597888851159
25.9625	-36.1602715278874
25.975	-36.1610509712154
25.9875	-36.1633878743489
26	-36.1621460370024
26.0125	-36.1564967414815
26.025	-36.1485191967568
26.0375	-36.1431507092942
26.05	-36.1664485693384
26.0625	-36.2103354478852
26.075	-36.2193922984221
26.0875	-36.2211597259373
26.1	-36.2388185193169
26.1125	-36.2560895461193
26.125	-36.2544220501956
26.1375	-36.260087273127
26.15	-36.2798632259684
26.1625	-36.293349020381
26.175	-36.3270037008629
26.1875	-36.3436969238845
26.2	-36.3695203454134
26.2125	-36.3800409609729
26.225	-36.3793905771428
26.2375	-36.3679789083782
26.25	-36.4117295943859
26.2625	-36.4315724852245
26.275	-36.4341203594115
26.2875	-36.4499828178371
26.3	-36.4564195941474
26.3125	-36.4580633688388
26.325	-36.4762987334402
26.3375	-36.5091959547392
26.35	-36.5274126459327
26.3625	-36.5403005602848
26.375	-36.5684024802948
26.3875	-36.5667146208186
26.4	-36.5980591753252
26.4125	-36.6000521499042
26.425	-36.5903935009919
26.4375	-36.6168238164496
26.45	-36.6345988139547
26.4625	-36.6364716723732
26.475	-36.6219886491863
26.4875	-36.6463646736223
26.5	-36.6639036916241
26.5125	-36.6700969387233
26.525	-36.6895755487486
26.5375	-36.695281327056
26.55	-36.7355603812846
26.5625	-36.7532134778743
26.575	-36.7573640252333
26.5875	-36.7565763394198
26.6	-36.7346459010344
26.6125	-36.7402439013046
26.625	-36.7491368762832
26.6375	-36.78178772505
26.65	-36.8073968012712
26.6625	-36.8434547942163
26.675	-36.841118517034
26.6875	-36.8499037702833
26.7	-36.8633074984821
26.7125	-36.8771837355248
26.725	-36.8945130685975
26.7375	-36.9575705202279
26.75	-36.9881399358589
26.7625	-36.980976939469
26.775	-36.9603088860818
26.7875	-36.9168603101142
26.8	-36.8531047547842
26.8125	-36.8252168811687
26.825	-36.8141739962193
26.8375	-36.8199072184698
26.85	-36.8614376338108
26.8625	-36.8473467445681
26.875	-36.853154423476
26.8875	-36.8772481310468
26.9	-36.8739829980884
26.9125	-36.8887184215373
26.925	-36.8772845208435
26.9375	-36.8550119030419
26.95	-36.8762954772751
26.9625	-36.8815168567206
26.975	-36.8396815062494
26.9875	-36.7771175903035
27	-36.7557251430485
27.0125	-36.7301606833319
27.025	-36.7339213771377
27.0375	-36.7503467564451
27.05	-36.786306136349
27.0625	-36.7923292317783
27.075	-36.7431016442798
27.0875	-36.7205793396162
27.1	-36.6961956135193
27.1125	-36.7119014951474
27.125	-36.7075170263462
27.1375	-36.6822705723831
27.15	-36.6914995845028
27.1625	-36.7035852604368
27.175	-36.7046007118937
27.1875	-36.7016589276109
27.2	-36.690281953989
27.2125	-36.6498545587711
27.225	-36.72140467475
27.2375	-36.7066619215512
27.25	-36.7039907458444
27.2625	-36.6834422282194
27.275	-36.6711647373535
27.2875	-36.6666773974818
27.3	-36.6684129488328
27.3125	-36.6552857358393
27.325	-36.688493552649
27.3375	-36.7280849738075
27.35	-36.7473607396847
27.3625	-36.7403102124928
27.375	-36.7635892632155
27.3875	-36.7850629403369
27.4	-36.7809536234389
27.4125	-36.7777263917491
27.425	-36.8099652935165
27.4375	-36.8300428718516
27.45	-36.8096508808693
27.4625	-36.8093882895507
27.475	-36.7238904804408
27.4875	-36.7133946553919
27.5	-36.7065970763508
27.5125	-36.7390658531471
27.525	-36.7375771229653
27.5375	-36.7359374471491
27.55	-36.738599143084
27.5625	-36.7437415616036
27.575	-36.7634303619285
27.5875	-36.7675214901646
27.6	-36.7548774778003
27.6125	-36.7214153449738
27.625	-36.7316612134878
27.6375	-36.7410674369062
27.65	-36.7174018558914
27.6625	-36.6927354224789
27.675	-36.7645703867703
27.6875	-36.7910143441888
27.7	-36.8113394966798
27.7125	-36.8646248089926
27.725	-36.8752412443381
27.7375	-36.8992076968043
27.75	-37.0318343864122
27.7625	-37.1753865520887
27.775	-37.1555919719996
27.7875	-37.2082576175551
27.8	-37.3901523348412
27.8125	-37.4527914524161
27.825	-37.5153206297971
27.8375	-37.569241219454
27.85	-37.5234992694819
27.8625	-37.4235269310127
27.875	-37.4389410639269
27.8875	-37.4487624093296
27.9	-37.4711158997956
27.9125	-37.5545597059453
27.925	-37.5388751668179
27.9375	-37.5951450442042
27.95	-37.6209375165167
27.9625	-37.5951297220248
27.975	-37.5158844406753
27.9875	-37.4306613840043
28	-37.3885588163676
28.0125	-37.2836576809512
28.025	-37.3427534503337
28.0375	-37.4809496190967
28.05	-37.5725628431775
28.0625	-37.6311743259809
28.075	-37.7090560814037
28.0875	-37.739001974132
28.1	-37.7590387651832
28.1125	-37.7404143072409
28.125	-37.7918522143789
28.1375	-37.8241416469265
28.15	-37.7519884141824
28.1625	-37.7463116533003
28.175	-37.7253568697014
28.1875	-37.8047162253571
28.2	-37.8768598638902
28.2125	-37.886597434471
28.225	-37.8270809916922
28.2375	-37.8107544291304
28.25	-37.7587781854991
28.2625	-37.7822046298378
28.275	-37.7700949621162
28.2875	-37.698248817142
28.3	-37.6598702487867
28.3125	-37.6264100619761
28.325	-37.6183439512507
28.3375	-37.6300218041571
28.35	-37.6613239499355
28.3625	-37.6324291352014
28.375	-37.6479307695699
28.3875	-37.6584804872759
28.4	-37.6769272676466
28.4125	-37.6435157280309
28.425	-37.7194730596375
28.4375	-37.6879243459645
28.45	-37.6293637342433
28.4625	-37.5053009462113
28.475	-37.6000221311681
28.4875	-37.5021384482974
28.5	-37.5145402186558
28.5125	-37.5423800901815
28.525	-37.4611424693685
28.5375	-37.5308521049653
28.55	-37.5963125546216
28.5625	-37.5714103774902
28.575	-37.4598752959335
28.5875	-37.4925030950063
28.6	-37.4630278854574
28.6125	-37.4303576927865
28.625	-37.4323045294142
28.6375	-37.4000646410057
28.65	-37.4553833853611
28.6625	-37.5281720161472
28.675	-37.4983026081545
28.6875	-37.4830284267265
28.7	-37.4861786687792
28.7125	-37.5090037219694
28.725	-37.5179533280939
28.7375	-37.5041819446279
28.75	-37.5746999190414
28.7625	-37.5018230246269
28.775	-37.4462218058745
28.7875	-37.506701485814
28.8	-37.506685124795
28.8125	-37.5212328799742
28.825	-37.5280363340018
28.8375	-37.5359241950456
28.85	-37.5572232654045
28.8625	-37.4299119096715
28.875	-37.5647435108072
28.8875	-37.4629981179215
28.9	-37.2448727921941
28.9125	-37.5255590293178
28.925	-37.2761571777361
28.9375	-37.3491173932103
28.95	-37.3056346020223
28.9625	-37.2678117591283
28.975	-37.3358294010079
28.9875	-37.3669110366946
29	-37.24547331914
29.0125	-37.2613399188421
29.025	-37.4888853806909
29.0375	-37.5285186506388
29.05	-37.6021675942984
29.0625	-37.6193537279
29.075	-37.5659525096396
29.0875	-37.5563300620441
29.1	-37.5524221276857
29.1125	-37.5871993026885
29.125	-37.5629494467801
29.1375	-37.5784841537254
29.15	-37.5902365656097
29.1625	-37.5855796771196
29.175	-37.5880757013667
29.1875	-37.7015796754106
29.2	-37.7413733138891
29.2125	-37.7184793528603
29.225	-37.7335948195037
29.2375	-37.7513813986425
29.25	-37.6816997227659
29.2625	-37.5951941240847
29.275	-37.6369008589222
29.2875	-37.6327595669584
29.3	-37.578161853877
29.3125	-37.6145603253836
29.325	-37.5723946807608
29.3375	-37.5307534564906
29.35	-37.4999353977381
29.3625	-37.5031600476498
29.375	-37.465865408325
29.3875	-37.4570050857937
29.4	-37.4858032166207
29.4125	-37.498197558358
29.425	-37.5543937928824
29.4375	-37.5539348924385
29.45	-37.6235130914803
29.4625	-37.59219683805
29.475	-37.5700686492992
29.4875	-37.4550351386147
29.5	-37.4772715012606
29.5125	-37.503597877592
29.525	-37.5136440926895
29.5375	-37.6094761194935
29.55	-37.6540628112063
29.5625	-37.6566821950828
29.575	-37.6262307726752
29.5875	-37.5482790750555
29.6	-37.6735151164407
29.6125	-37.7308626221683
29.625	-37.806831498638
29.6375	-37.8619097679504
29.65	-37.8972014363614
29.6625	-37.8196130788684
29.675	-37.6102031309985
29.6875	-37.2676324765565
29.7	-37.1929977821509
29.7125	-36.9525954624269
29.725	-37.007854617163
29.7375	-37.1852279224432
29.75	-37.3029202227186
29.7625	-36.9831181108743
29.775	-36.7899885433113
29.7875	-36.6837040061871
29.8	-36.4842699857498
29.8125	-36.6725560924392
29.825	-36.69913944713
29.8375	-36.6208571333171
29.85	-36.7237499902266
29.8625	-36.7107474150484
29.875	-36.5402807030575
29.8875	-36.3977006355034
29.9	-36.4108263357151
29.9125	-36.4507324403088
29.925	-36.4182100960484
29.9375	-36.4511971611385
29.95	-36.3739333049963
29.9625	-36.4611779659868
29.975	-36.5016814782808
29.9875	-36.6448227417973
30	-36.6353505315633
