0.0125	0
0.025	0
0.0375	0
0.05	0
0.0625	0
0.075	0
0.0875	0
0.1	0
0.1125	0
0.125	0
0.1375	0
0.15	0
0.1625	0
0.175	0
0.1875	0
0.2	0
0.2125	0
0.225	0
0.2375	0
0.25	0
0.2625	0
0.275	0
0.2875	0
0.3	0
0.3125	0
0.325	0
0.3375	0
0.35	0
0.3625	0
0.375	0
0.3875	0
0.4	0
0.4125	0
0.425	0
0.4375	0
0.45	0
0.4625	0
0.475	0
0.4875	0
0.5	0
0.5125	0
0.525	0
0.5375	0
0.55	0
0.5625	0
0.575	0
0.5875	0
0.6	0
0.6125	0
0.625	0
0.6375	0
0.65	0
0.6625	0
0.675	0
0.6875	0
0.7	0
0.7125	0
0.725	0
0.7375	0
0.75	0
0.7625	0
0.775	0
0.7875	0
0.8	0
0.8125	0
0.825	0
0.8375	0
0.85	0
0.8625	0
0.875	0
0.8875	0
0.9	0
0.9125	0
0.925	0
0.9375	0
0.95	0
0.9625	0
0.975	0
0.9875	0
1	0
1.0125	0
1.025	0
1.0375	0
1.05	0
1.0625	0
1.075	0
1.0875	0
1.1	0
1.1125	0
1.125	0
1.1375	0
1.15	0
1.1625	0
1.175	0
1.1875	0
1.2	0
1.2125	0
1.225	0
1.2375	0
1.25	0
1.2625	0
1.275	0
1.2875	0
1.3	0
1.3125	0
1.325	0
1.3375	-1.85128567969073e-06
1.35	-0.00112800976774539
1.3625	-0.00867734597665793
1.375	-0.0286631759082146
1.3875	-0.0675094530263743
1.4	-0.145187364884374
1.4125	-0.223650958554924
1.425	-0.345062964402581
1.4375	-0.464747866046047
1.45	-0.603793420676581
1.4625	-0.72904461592057
1.475	-0.861423080610303
1.4875	-0.987455584690503
1.5	-1.14590444550559
1.5125	-1.34880273897398
1.525	-1.54341055351322
1.5375	-1.68289863034791
1.55	-1.79312263706755
1.5625	-1.90357202372433
1.575	-2.00617856357548
1.5875	-2.09270559627265
1.6	-2.1916428618123
1.6125	-2.3021659541549
1.625	-2.39460128666085
1.6375	-2.47795941499451
1.65	-2.54626132328328
1.6625	-2.60458296022142
1.675	-2.64462561320147
1.6875	-2.70465923005173
1.7	-2.76850728168285
1.7125	-2.83373447116257
1.725	-2.96773452044742
1.7375	-3.13305381938383
1.75	-3.35323461102485
1.7625	-3.62252295966816
1.775	-3.80157470949221
1.7875	-3.9202385430411
1.8	-4.05152500031086
1.8125	-4.16910533200845
1.825	-4.26944697634688
1.8375	-4.39926267537277
1.85	-4.48980571240766
1.8625	-4.5644612715005
1.875	-4.64072953207006
1.8875	-4.71101748142163
1.9	-4.77089105896176
1.9125	-4.81710255185041
1.925	-4.86577645129226
1.9375	-4.91922559630356
1.95	-5.00989264692998
1.9625	-5.16931509189089
1.975	-5.34062049913182
1.9875	-5.53979776498775
2	-5.69284695264563
2.0125	-5.86861769385246
2.025	-6.06802141274107
2.0375	-6.23780950244191
2.05	-6.37943819088
2.0625	-6.53161537791509
2.075	-6.64758866087459
2.0875	-6.80414178732032
2.1	-6.89589930076904
2.1125	-7.04834198018173
2.125	-7.20175508316457
2.1375	-7.34875199384549
2.15	-7.47287347527974
2.1625	-7.55088176798348
2.175	-7.59944537011542
2.1875	-7.67250266205035
2.2	-7.74234432566448
2.2125	-7.883532027568
2.225	-8.02930903191325
2.2375	-8.21091749280422
2.25	-8.42912703638357
2.2625	-8.56617612067796
2.275	-8.65592198980984
2.2875	-8.73020579505855
2.3	-8.81764923543414
2.3125	-8.90910599758368
2.325	-8.93582754593617
2.3375	-8.94332855197305
2.35	-8.94641254524564
2.3625	-8.95837939862983
2.375	-8.96558034821158
2.3875	-8.98773286464268
2.4	-9.00699928931885
2.4125	-9.01105355847408
2.425	-9.02949919449904
2.4375	-9.04612708462183
2.45	-9.06094241840417
2.4625	-9.08636750049402
2.475	-9.11576525283838
2.4875	-9.15195868719162
2.5	-9.18898101047778
2.5125	-9.22701989317424
2.525	-9.25567012793796
2.5375	-9.27466039177835
2.55	-9.31374952220606
2.5625	-9.34797790423995
2.575	-9.36711632266535
2.5875	-9.37704303319732
2.6	-9.37786938464903
2.6125	-9.38351959362073
2.625	-9.39009873632262
2.6375	-9.398809372992
2.65	-9.40351165899941
2.6625	-9.40938535586955
2.675	-9.4135127358752
2.6875	-9.4170902736947
2.7	-9.42216976019786
2.7125	-9.43111891101189
2.725	-9.45541822125731
2.7375	-9.49327536336495
2.75	-9.5228225994062
2.7625	-9.53528971859376
2.775	-9.55840837203042
2.7875	-9.57766689485624
2.8	-9.61161155079367
2.8125	-9.65471955759396
2.825	-9.67517366340894
2.8375	-9.69843195794291
2.85	-9.70548432930892
2.8625	-9.70721962294671
2.875	-9.71212508499385
2.8875	-9.71828630642405
2.9	-9.72867675054266
2.9125	-9.74812836671716
2.925	-9.75736316428597
2.9375	-9.76702862987313
2.95	-9.78582394790356
2.9625	-9.80073750498759
2.975	-9.81285734033376
2.9875	-9.83128418786818
3	-9.86107196783217
3.0125	-9.89828336616132
3.025	-9.93762115778468
3.0375	-9.98926719344194
3.05	-10.0269249946402
3.0625	-10.0567946155046
3.075	-10.0754272445155
3.0875	-10.0929881177529
3.1	-10.1124444189721
3.1125	-10.149080485537
3.125	-10.1726579634464
3.1375	-10.2109084618502
3.15	-10.2392263157454
3.1625	-10.2576165974773
3.175	-10.2800852148306
3.1875	-10.3314392908932
3.2	-10.3970824605144
3.2125	-10.4934010871546
3.225	-10.5377978030773
3.2375	-10.5783924208852
3.25	-10.6076462099018
3.2625	-10.6346463671285
3.275	-10.6490125337988
3.2875	-10.6549961487342
3.3	-10.6679373842446
3.3125	-10.6739669334327
3.325	-10.6755917053397
3.3375	-10.67938490372
3.35	-10.6899981056087
3.3625	-10.6976917763061
3.375	-10.7077672651173
3.3875	-10.7148291449057
3.4	-10.7191713205903
3.4125	-10.7246270057621
3.425	-10.7300630131461
3.4375	-10.73676201031
3.45	-10.7448559522091
3.4625	-10.7536459155002
3.475	-10.7699999476617
3.4875	-10.7868363896135
3.5	-10.79243298494
3.5125	-10.7895635787934
3.525	-10.8015381000411
3.5375	-10.8138938661147
3.55	-10.8321150942596
3.5625	-10.8475608524351
3.575	-10.8690370360805
3.5875	-10.8773100499381
3.6	-10.8871877528377
3.6125	-10.890689733037
3.625	-10.8967425554581
3.6375	-10.902373365577
3.65	-10.9045882483357
3.6625	-10.9070800550453
3.675	-10.9153472727938
3.6875	-10.9250551105824
3.7	-10.9330613586251
3.7125	-10.9383529150864
3.725	-10.9425110823126
3.7375	-10.9420729664946
3.75	-10.9436573994839
3.7625	-10.9447600092425
3.775	-10.9467423676541
3.7875	-10.9516696160031
3.8	-10.956220972155
3.8125	-10.9595708793147
3.825	-10.9616845370577
3.8375	-10.9647777734409
3.85	-10.9655328529902
3.8625	-10.9680041725167
3.875	-10.9699662427548
3.8875	-10.9706207839226
3.9	-10.9722673953027
3.9125	-10.972883927567
3.925	-10.9748550407497
3.9375	-10.9774076302049
3.95	-10.981825868101
3.9625	-10.9847433177852
3.975	-10.9898213409508
3.9875	-10.9939412110696
4	-11.0002561695041
4.0125	-11.0064336805055
4.025	-11.0113476235183
4.0375	-11.0153678379383
4.05	-11.0212665439017
4.0625	-11.0267856972989
4.075	-11.0298768263324
4.0875	-11.0317705003614
4.1	-11.032465486201
4.1125	-11.0335891600518
4.125	-11.0345218478406
4.1375	-11.0362873016584
4.15	-11.0379205660366
4.1625	-11.0395511837281
4.175	-11.041190440382
4.1875	-11.0430501008113
4.2	-11.0451634945919
4.2125	-11.0484738367493
4.225	-11.0502583946256
4.2375	-11.0530531836363
4.25	-11.054597643144
4.2625	-11.0572600729126
4.275	-11.0582778028952
4.2875	-11.0612852239763
4.3	-11.0659363606195
4.3125	-11.0711471552664
4.325	-11.0726673755
4.3375	-11.0747002474555
4.35	-11.0778508351316
4.3625	-11.0789091874022
4.375	-11.0811566000239
4.3875	-11.0819095201223
4.4	-11.0818364550097
4.4125	-11.0828501087844
4.425	-11.0837229457705
4.4375	-11.0845944214171
4.45	-11.0866417657521
4.4625	-11.088809255707
4.475	-11.0903548367351
4.4875	-11.0941484696245
4.5	-11.0948857808493
4.5125	-11.0969761196472
4.525	-11.1004367536854
4.5375	-11.1055291514404
4.55	-11.1115541635532
4.5625	-11.1189897277792
4.575	-11.1221679226294
4.5875	-11.1283375015592
4.6	-11.1348960689289
4.6125	-11.1652813692122
4.625	-11.17419798426
4.6375	-11.1870320279654
4.65	-11.1921941289134
4.6625	-11.1926161291671
4.675	-11.1961378240796
4.6875	-11.197724419767
4.7	-11.2028795806267
4.7125	-11.2100978065227
4.725	-11.2186186251892
4.7375	-11.2216889790959
4.75	-11.2222102039274
4.7625	-11.2263212456931
4.775	-11.2288459380933
4.7875	-11.23238555671
4.8	-11.2363652355272
4.8125	-11.2408643488024
4.825	-11.2430656535195
4.8375	-11.2471492485922
4.85	-11.2585461314314
4.8625	-11.2683269866484
4.875	-11.2896740329231
4.8875	-11.3336845830188
4.9	-11.3978366616437
4.9125	-11.4654612662744
4.925	-11.5047177320183
4.9375	-11.5526949877671
4.95	-11.5784125306115
4.9625	-11.61037146229
4.975	-11.6405494183057
4.9875	-11.6611713531906
5	-11.6862010469963
5.0125	-11.7140461058352
5.025	-11.7370524021724
5.0375	-11.7664083358356
5.05	-11.8055177743279
5.0625	-11.8648630092277
5.075	-11.8880073362799
5.0875	-11.9960590508035
5.1	-12.0727867571519
5.1125	-12.140886434291
5.125	-12.1888804984515
5.1375	-12.2213270814184
5.15	-12.245977928398
5.1625	-12.2617410582483
5.175	-12.2796404286825
5.1875	-12.2952064023293
5.2	-12.3009042310254
5.2125	-12.3255083456046
5.225	-12.3238460467232
5.2375	-12.3363032411653
5.25	-12.352019455967
5.2625	-12.3612665110372
5.275	-12.3857562916229
5.2875	-12.3872943148588
5.3	-12.4025454253694
5.3125	-12.4031856889032
5.325	-12.4047314584639
5.3375	-12.4054763776053
5.35	-12.4153347767621
5.3625	-12.4254708791126
5.375	-12.4236985685198
5.3875	-12.4268564786908
5.4	-12.4288766726345
5.4125	-12.4282634661866
5.425	-12.4316532090669
5.4375	-12.4320115432363
5.45	-12.4392425929024
5.4625	-12.4575948421158
5.475	-12.4612753943405
5.4875	-12.4814684757045
5.5	-12.4826698825598
5.5125	-12.4968806333639
5.525	-12.5075854144713
5.5375	-12.5167183679871
5.55	-12.5388670366659
5.5625	-12.5505217810086
5.575	-12.5872398247064
5.5875	-12.5957300966497
5.6	-12.6207232538254
5.6125	-12.6292031273789
5.625	-12.6433907543459
5.6375	-12.6563117290099
5.65	-12.6610803617025
5.6625	-12.6805743885255
5.675	-12.6841212891359
5.6875	-12.6868791685798
5.7	-12.6946707932215
5.7125	-12.72006902482
5.725	-12.7345876889914
5.7375	-12.7418213485807
5.75	-12.7517816365527
5.7625	-12.761413415427
5.775	-12.7692093293634
5.7875	-12.7705893596572
5.8	-12.7713300458995
5.8125	-12.7731476402366
5.825	-12.7739098226324
5.8375	-12.7742878720682
5.85	-12.7771303136553
5.8625	-12.7792706636225
5.875	-12.7802614037182
5.8875	-12.7934420613598
5.9	-12.8061044097387
5.9125	-12.812500490653
5.925	-12.8109850360889
5.9375	-12.8084525460939
5.95	-12.8083910965429
5.9625	-12.8084087293811
5.975	-12.8042072027087
5.9875	-12.8020340146111
6	-12.8022261673601
6.0125	-12.8021245301652
6.025	-12.8019466456679
6.0375	-12.8020318411201
6.05	-12.8028928706697
6.0625	-12.8038425940742
6.075	-12.8045142126066
6.0875	-12.8058809062235
6.1	-12.8081701769067
6.1125	-12.8080630132116
6.125	-12.8071854434178
6.1375	-12.8071902273091
6.15	-12.8094607786682
6.1625	-12.8094638125492
6.175	-12.8108685900232
6.1875	-12.8127211952855
6.2	-12.8156442576392
6.2125	-12.8191251547054
6.225	-12.8286633458621
6.2375	-12.8348745258551
6.25	-12.8545634655038
6.2625	-12.9295964032599
6.275	-12.9470016511
6.2875	-13.0261853168617
6.3	-13.0619488794253
6.3125	-13.1211990797362
6.325	-13.1454896000697
6.3375	-13.1652659823072
6.35	-13.1688591710959
6.3625	-13.1880135136865
6.375	-13.2092896723833
6.3875	-13.2163458213472
6.4	-13.2358511727139
6.4125	-13.2469934961319
6.425	-13.2616165284578
6.4375	-13.2690026357904
6.45	-13.2945213213201
6.4625	-13.3120546771206
6.475	-13.325661456488
6.4875	-13.3335245174692
6.5	-13.3443210281644
6.5125	-13.3495848677168
6.525	-13.3532838734116
6.5375	-13.3570721187485
6.55	-13.3577103918959
6.5625	-13.3588918798632
6.575	-13.3607580757639
6.5875	-13.36123857888
6.6	-13.3631982767838
6.6125	-13.3645971841494
6.625	-13.367465584425
6.6375	-13.371617271132
6.65	-13.3751226775781
6.6625	-13.3771805165818
6.675	-13.3785801944112
6.6875	-13.3787344950037
6.7	-13.379167156374
6.7125	-13.3800245902467
6.725	-13.384085390678
6.7375	-13.3866828707402
6.75	-13.3905412686132
6.7625	-13.3946636785056
6.775	-13.397616533605
6.7875	-13.3984027340209
6.8	-13.4003832374725
6.8125	-13.4017413574061
6.825	-13.4027282444222
6.8375	-13.4026173492429
6.85	-13.4043355667694
6.8625	-13.4062056817605
6.875	-13.4080234220852
6.8875	-13.4108874423768
6.9	-13.4137783211757
6.9125	-13.4141256258995
6.925	-13.4149246921019
6.9375	-13.4169546215447
6.95	-13.4178937291024
6.9625	-13.418329684271
6.975	-13.4178703887282
6.9875	-13.4193287338947
7	-13.4205043636444
7.0125	-13.4207502448128
7.025	-13.4211755321946
7.0375	-13.4195456937651
7.05	-13.4188161113902
7.0625	-13.4184467294345
7.075	-13.4183489490516
7.0875	-13.4190954728823
7.1	-13.4188825696788
7.1125	-13.4190222938048
7.125	-13.4199805167464
7.1375	-13.4204252828848
7.15	-13.4202993059843
7.1625	-13.4206473716008
7.175	-13.4216110790897
7.1875	-13.4219369530022
7.2	-13.4229282257467
7.2125	-13.4219021884117
7.225	-13.422903644584
7.2375	-13.4227503263436
7.25	-13.4233971509601
7.2625	-13.4249900788029
7.275	-13.4256319373058
7.2875	-13.4275781489291
7.3	-13.427857340266
7.3125	-13.4280527926512
7.325	-13.4294825377146
7.3375	-13.4295084525511
7.35	-13.430273624359
7.3625	-13.4314488063648
7.375	-13.4312265214928
7.3875	-13.4302163495406
7.4	-13.4300709734021
7.4125	-13.430002281951
7.425	-13.4300781044152
7.4375	-13.4291786237172
7.45	-13.4293693580866
7.4625	-13.4296080738634
7.475	-13.430579302375
7.4875	-13.4302237411516
7.5	-13.4307620893462
7.5125	-13.4320229861549
7.525	-13.4325041858503
7.5375	-13.433183842864
7.55	-13.4345827003359
7.5625	-13.4353447732232
7.575	-13.4363343322228
7.5875	-13.437176753299
7.6	-13.4379644345441
7.6125	-13.4384445924856
7.625	-13.438698080116
7.6375	-13.4377504674276
7.65	-13.438108366324
7.6625	-13.438031366163
7.675	-13.4385254274342
7.6875	-13.4392319519025
7.7	-13.4397820912824
7.7125	-13.4401262854558
7.725	-13.4406082647296
7.7375	-13.4413520321088
7.75	-13.4422056135454
7.7625	-13.4425882483787
7.775	-13.4431357960423
7.7875	-13.4431546655724
7.8	-13.4430674597417
7.8125	-13.4436360327735
7.825	-13.443971721239
7.8375	-13.444843014688
7.85	-13.4449151350152
7.8625	-13.4451954543474
7.875	-13.4456256509522
7.8875	-13.4475212262993
7.9	-13.4505060631735
7.9125	-13.4538025224937
7.925	-13.4568269049387
7.9375	-13.4590406653927
7.95	-13.4623806618967
7.9625	-13.4657821890329
7.975	-13.4670608496277
7.9875	-13.468396463063
8	-13.469493175816
8.0125	-13.4712710106295
8.025	-13.4737358795385
8.0375	-13.4762207869549
8.05	-13.4778058321753
8.0625	-13.4792635507445
8.075	-13.4798835514872
8.0875	-13.4808217794777
8.1	-13.4823538678669
8.1125	-13.4829055888809
8.125	-13.4846525021674
8.1375	-13.4857105891252
8.15	-13.4874781075003
8.1625	-13.492416393184
8.175	-13.4977008597625
8.1875	-13.5025335035781
8.2	-13.5080529946383
8.2125	-13.516088279538
8.225	-13.5208919938175
8.2375	-13.5254645173144
8.25	-13.5281111111343
8.2625	-13.5280416435062
8.275	-13.5322342499296
8.2875	-13.5379476632272
8.3	-13.5461394188732
8.3125	-13.5478072014869
8.325	-13.5512028939203
8.3375	-13.5541843939753
8.35	-13.5576338733728
8.3625	-13.5603165373422
8.375	-13.5632039233317
8.3875	-13.5647072872836
8.4	-13.5660964249507
8.4125	-13.5673227831571
8.425	-13.5713434019271
8.4375	-13.5741234372492
8.45	-13.5775909777906
8.4625	-13.5795005307232
8.475	-13.5800887010548
8.4875	-13.5824440752925
8.5	-13.5836235418406
8.5125	-13.5841883512812
8.525	-13.5842383209376
8.5375	-13.5842289612441
8.55	-13.5837515166826
8.5625	-13.5841141443362
8.575	-13.5852410141686
8.5875	-13.5867384598411
8.6	-13.588894589933
8.6125	-13.5912398050389
8.625	-13.5945962107031
8.6375	-13.6042841654865
8.65	-13.6090363779783
8.6625	-13.6226991324743
8.675	-13.6325451550309
8.6875	-13.6402696274023
8.7	-13.6440091408036
8.7125	-13.6468491498891
8.725	-13.6520242569674
8.7375	-13.6574705459118
8.75	-13.6675279386818
8.7625	-13.672038784107
8.775	-13.6744702093826
8.7875	-13.6742592793573
8.8	-13.6743305255895
8.8125	-13.6782281035072
8.825	-13.6811774908259
8.8375	-13.6842443485982
8.85	-13.6852147428046
8.8625	-13.6860357692295
8.875	-13.6890850961612
8.8875	-13.6909613423241
8.9	-13.6919611477925
8.9125	-13.6926949581826
8.925	-13.6944176870735
8.9375	-13.6958004055214
8.95	-13.6987333493775
8.9625	-13.7018470635363
8.975	-13.7038084266328
8.9875	-13.7035200014894
9	-13.7021469761476
9.0125	-13.7024544896118
9.025	-13.7005151798179
9.0375	-13.7006994960601
9.05	-13.7009736630274
9.0625	-13.7006760387509
9.075	-13.7047365044605
9.0875	-13.7097202068402
9.1	-13.7142509310964
9.1125	-13.7172736880072
9.125	-13.7199654329679
9.1375	-13.7213433261695
9.15	-13.7205256560942
9.1625	-13.7206476386783
9.175	-13.7199093582423
9.1875	-13.7207611983062
9.2	-13.7224528146445
9.2125	-13.7237061464756
9.225	-13.7277704855816
9.2375	-13.7297078879753
9.25	-13.7312608646882
9.2625	-13.7352198014018
9.275	-13.7412037422251
9.2875	-13.755226221334
9.3	-13.7582450296641
9.3125	-13.7645851490672
9.325	-13.7711369432708
9.3375	-13.7922190600603
9.35	-13.8119318065542
9.3625	-13.8404228679506
9.375	-13.8652814996437
9.3875	-13.9010473503667
9.4	-13.9307605779699
9.4125	-13.9788707374083
9.425	-14.0024173241034
9.4375	-14.0302424691741
9.45	-14.0328203770389
9.4625	-14.0447523483368
9.475	-14.0472358662855
9.4875	-14.0485674132068
9.5	-14.0524066328657
9.5125	-14.0616719441373
9.525	-14.064256628271
9.5375	-14.0690325775209
9.55	-14.0768724520378
9.5625	-14.0796686994208
9.575	-14.0882482632381
9.5875	-14.0953025039804
9.6	-14.1008198970599
9.6125	-14.1164195700896
9.625	-14.1217714571079
9.6375	-14.1293536499173
9.65	-14.1373172954579
9.6625	-14.1599067430106
9.675	-14.1930519524927
9.6875	-14.2020108520371
9.7	-14.2222098216369
9.7125	-14.2640357738842
9.725	-14.3033666030039
9.7375	-14.3125101587473
9.75	-14.319107759242
9.7625	-14.323905194599
9.775	-14.347396514019
9.7875	-14.3627778300503
9.8	-14.3743574671213
9.8125	-14.3787302700267
9.825	-14.3891070279704
9.8375	-14.4284325713271
9.85	-14.4626887664369
9.8625	-14.4899354643036
9.875	-14.508759527133
9.8875	-14.524668647203
9.9	-14.5468396620019
9.9125	-14.5604884489527
9.925	-14.5793852871243
9.9375	-14.588093644692
9.95	-14.6096475051107
9.9625	-14.6328370999713
9.975	-14.6444579173376
9.9875	-14.6634761377199
10	-14.6849516773133
10.0125	-14.7072791931573
10.025	-14.7359232276473
10.0375	-14.7586268975262
10.05	-14.777737135845
10.0625	-14.8009512517566
10.075	-14.8173133184703
10.0875	-14.8266835117264
10.1	-14.8371538124854
10.1125	-14.8494315586024
10.125	-14.8567135076057
10.1375	-14.8652234024848
10.15	-14.8727863400607
10.1625	-14.8809016194352
10.175	-14.8874462016508
10.1875	-14.8944579980904
10.2	-14.9025426292023
10.2125	-14.9112006922182
10.225	-14.9147367239159
10.2375	-14.9174363828513
10.25	-14.9205522869786
10.2625	-14.9237594429192
10.275	-14.9239771841602
10.2875	-14.9255799421514
10.3	-14.9275200650178
10.3125	-14.9308347647625
10.325	-14.9334986945865
10.3375	-14.9392655826281
10.35	-14.9430094175303
10.3625	-14.9479979711032
10.375	-14.9522228059054
10.3875	-14.9569007112838
10.4	-14.9630254302399
10.4125	-14.9668762900165
10.425	-14.9715913214153
10.4375	-14.9776694442537
10.45	-14.9810961725375
10.4625	-14.9851149558646
10.475	-14.9896604680104
10.4875	-14.9917918507506
10.5	-14.9938526449371
10.5125	-14.9957179919967
10.525	-14.9963685526451
10.5375	-14.9998453597195
10.55	-15.0104996546145
10.5625	-15.0175538147142
10.575	-15.0215826608785
10.5875	-15.0253156493548
10.6	-15.0279264349133
10.6125	-15.0289814251058
10.625	-15.0302257164809
10.6375	-15.0315500909573
10.65	-15.0355747840547
10.6625	-15.0394442601477
10.675	-15.0408085571197
10.6875	-15.0413241512058
10.7	-15.042497349601
10.7125	-15.0440422092729
10.725	-15.0460845171097
10.7375	-15.0489132050734
10.75	-15.0516126183455
10.7625	-15.0545278259917
10.775	-15.0556870964788
10.7875	-15.0578111733907
10.8	-15.0601322598334
10.8125	-15.0620596870764
10.825	-15.0631223331282
10.8375	-15.0681753899413
10.85	-15.0691464784896
10.8625	-15.0714615859548
10.875	-15.0725145537197
10.8875	-15.0748388692158
10.9	-15.0757480221045
10.9125	-15.0782206933176
10.925	-15.0808445788729
10.9375	-15.0846605597402
10.95	-15.0877983554223
10.9625	-15.0910704945634
10.975	-15.0949613131201
10.9875	-15.101824368696
11	-15.1056299189084
11.0125	-15.1092957900716
11.025	-15.1121994276165
11.0375	-15.1202251450571
11.05	-15.1258632840373
11.0625	-15.1345290079017
11.075	-15.1395918687989
11.0875	-15.1429886705588
11.1	-15.148918529142
11.1125	-15.1546781254164
11.125	-15.1564059283974
11.1375	-15.1577719833083
11.15	-15.1592588789196
11.1625	-15.1629840598005
11.175	-15.169095681068
11.1875	-15.1762758754895
11.2	-15.1820520684274
11.2125	-15.1900431866451
11.225	-15.1999723617403
11.2375	-15.207652815963
11.25	-15.2163142808064
11.2625	-15.2206732297653
11.275	-15.2251191640744
11.2875	-15.2284335090463
11.3	-15.2356487251731
11.3125	-15.244888062017
11.325	-15.2574078242096
11.3375	-15.2714888158419
11.35	-15.2774912459116
11.3625	-15.2885374006368
11.375	-15.3017601493454
11.3875	-15.3149040176037
11.4	-15.3354010883817
11.4125	-15.3460114885457
11.425	-15.3538006161214
11.4375	-15.3611546330409
11.45	-15.3637392432591
11.4625	-15.3695929134433
11.475	-15.3815455562472
11.4875	-15.3921998820742
11.5	-15.4052936712547
11.5125	-15.412110768944
11.525	-15.4153777804846
11.5375	-15.420310346956
11.55	-15.4250731172618
11.5625	-15.4309314272184
11.575	-15.4391455538106
11.5875	-15.4459050094359
11.6	-15.4567802172025
11.6125	-15.4709465250312
11.625	-15.4881161661068
11.6375	-15.5028124721533
11.65	-15.5176072801297
11.6625	-15.5290658354492
11.675	-15.5308526380914
11.6875	-15.5765938689662
11.7	-15.8715721522116
11.7125	-16.195695785081
11.725	-16.4166291787767
11.7375	-16.4856489456069
11.75	-16.8623998896279
11.7625	-17.0591566659107
11.775	-17.2425336684716
11.7875	-17.4290997957544
11.8	-17.7691815586806
11.8125	-18.0675968128105
11.825	-18.2000439732621
11.8375	-18.2523624182588
11.85	-18.408741063026
11.8625	-18.7148368747529
11.875	-18.9365820903821
11.8875	-18.9994986880073
11.9	-19.1454693829667
11.9125	-19.3099455481868
11.925	-19.4742122698265
11.9375	-19.8037776190812
11.95	-20.0564183283165
11.9625	-20.0822068335639
11.975	-20.2047509921256
11.9875	-20.2802733879038
12	-20.4543625536222
12.0125	-20.5293413917245
12.025	-20.656346403056
12.0375	-20.7933446297088
12.05	-20.9617183063707
12.0625	-21.0024345037864
12.075	-21.2152818114558
12.0875	-21.4887755040668
12.1	-21.9664571617438
12.1125	-22.2338287417815
12.125	-22.6932663944072
12.1375	-23.0215525116644
12.15	-23.1396392624579
12.1625	-23.4319737906024
12.175	-23.4982670988649
12.1875	-23.7804674394477
12.2	-24.1860457868514
12.2125	-24.3888828488216
12.225	-24.4906779725126
12.2375	-24.6548912662558
12.25	-24.7936396643067
12.2625	-24.8905238014357
12.275	-24.9742683678482
12.2875	-25.0067142563809
12.3	-25.1481794282625
12.3125	-25.228290560208
12.325	-25.3157789885898
12.3375	-25.4239548654641
12.35	-25.4085784904341
12.3625	-25.4656179316437
12.375	-25.608929014461
12.3875	-25.6327106700592
12.4	-25.929743734612
12.4125	-26.0035797587624
12.425	-26.0423189765695
12.4375	-26.1089526716183
12.45	-26.2399760252033
12.4625	-26.4199490307899
12.475	-26.5624705053773
12.4875	-26.6816909767716
12.5	-26.8918593331921
12.5125	-26.9376425526881
12.525	-27.1999521090188
12.5375	-27.4381039271575
12.55	-27.5895329431208
12.5625	-27.6577550733382
12.575	-27.8019602807355
12.5875	-27.8630587425583
12.6	-27.9511090742233
12.6125	-28.0096025955042
12.625	-28.0672267956569
12.6375	-28.2781344272615
12.65	-28.3857003017493
12.6625	-28.497360837697
12.675	-28.7912140042014
12.6875	-28.851322094785
12.7	-29.0301135398582
12.7125	-29.1128476606334
12.725	-29.133295990808
12.7375	-29.4195857602197
12.75	-29.4240560467531
12.7625	-29.52437122996
12.775	-29.607021330612
12.7875	-29.6621635376216
12.8	-29.6735514630743
12.8125	-29.6645775727573
12.825	-29.7777431444243
12.8375	-29.8124594803393
12.85	-29.7796954471835
12.8625	-29.8164433134372
12.875	-29.841871113604
12.8875	-29.8894929330731
12.9	-29.893722572479
12.9125	-29.8967199128673
12.925	-29.9141189689895
12.9375	-29.980427382149
12.95	-29.9986214469075
12.9625	-30.0474329503393
12.975	-30.0839178850764
12.9875	-30.1039938171757
13	-30.1751607317434
13.0125	-30.1981923438879
13.025	-30.2125991700552
13.0375	-30.2349605176839
13.05	-30.2796496230577
13.0625	-30.2820566879301
13.075	-30.266804710021
13.0875	-30.3485907971889
13.1	-30.3821295082234
13.1125	-30.4907713948605
13.125	-30.4794529196055
13.1375	-30.6479740196917
13.15	-30.7016644991209
13.1625	-30.7185846046369
13.175	-30.7564642754916
13.1875	-30.8061318868783
13.2	-30.7923649330505
13.2125	-30.7996038028395
13.225	-30.8035403190295
13.2375	-30.8199259387403
13.25	-30.8478417904726
13.2625	-30.8621320002995
13.275	-30.8909362530832
13.2875	-30.8929883526061
13.3	-30.941558667991
13.3125	-30.9588788522034
13.325	-31.0077938648209
13.3375	-31.0741792631359
13.35	-31.0950850022811
13.3625	-31.1058985244054
13.375	-31.1051082427351
13.3875	-31.1495567717403
13.4	-31.1847671047328
13.4125	-31.241111466159
13.425	-31.2844480569889
13.4375	-31.3290052088817
13.45	-31.3729251061133
13.4625	-31.4428598145392
13.475	-31.4737640013935
13.4875	-31.522420048987
13.5	-31.5928930013816
13.5125	-31.6503557393514
13.525	-31.7390747398543
13.5375	-31.7308067992252
13.55	-31.7645184244432
13.5625	-31.7869910782057
13.575	-31.8344184241809
13.5875	-31.8571777454411
13.6	-31.8822107447082
13.6125	-31.9058946103343
13.625	-31.9624819431352
13.6375	-31.969481352721
13.65	-31.9982339810229
13.6625	-31.9996525728207
13.675	-32.0274850085327
13.6875	-32.0607000359559
13.7	-32.0526546420241
13.7125	-32.0464955392202
13.725	-32.0466242086208
13.7375	-32.0517496281853
13.75	-32.0911488172393
13.7625	-32.1618596682975
13.775	-32.2079170386461
13.7875	-32.2505739115265
13.8	-32.2612330404345
13.8125	-32.3078212264474
13.825	-32.3508112074861
13.8375	-32.382216983561
13.85	-32.3971372416423
13.8625	-32.4308839839098
13.875	-32.471314910086
13.8875	-32.4977305297384
13.9	-32.5657030618066
13.9125	-32.5892116786577
13.925	-32.6016951662904
13.9375	-32.6274877573278
13.95	-32.6438716310246
13.9625	-32.7120724754009
13.975	-32.7626204819231
13.9875	-32.8153589991497
14	-32.8870844523282
14.0125	-32.933617790898
14.025	-32.985951661534
14.0375	-33.0646423079054
14.05	-33.0685347508929
14.0625	-33.0738925539213
14.075	-33.0751957673702
14.0875	-33.1327545795661
14.1	-33.2073543011827
14.1125	-33.2329564456743
14.125	-33.2500912256149
14.1375	-33.2688167871162
14.15	-33.282819663761
14.1625	-33.3381681366525
14.175	-33.4235614801772
14.1875	-33.4946228623849
14.2	-33.5124140481421
14.2125	-33.5345870614467
14.225	-33.5738394795127
14.2375	-33.6166395425886
14.25	-33.6600658154316
14.2625	-33.6545578414566
14.275	-33.6894981721611
14.2875	-33.7246001312986
14.3	-33.7911932349123
14.3125	-33.8500252106053
14.325	-33.9030688560702
14.3375	-33.9414396318051
14.35	-33.9516014991553
14.3625	-33.9641786070268
14.375	-33.9801577633699
14.3875	-34.01745213718
14.4	-34.045128777789
14.4125	-34.0677479773865
14.425	-34.0816318100195
14.4375	-34.0927581972862
14.45	-34.0910196198365
14.4625	-34.1127304664329
14.475	-34.1602963623276
14.4875	-34.1674992637873
14.5	-34.2270941130761
14.5125	-34.2465746349431
14.525	-34.2877021188513
14.5375	-34.3046697444675
14.55	-34.3065963034833
14.5625	-34.3209936157595
14.575	-34.3423633549443
14.5875	-34.3291390038396
14.6	-34.370066698784
14.6125	-34.3728802162462
14.625	-34.3798702524369
14.6375	-34.3987251641431
14.65	-34.3938324750525
14.6625	-34.4060344893666
14.675	-34.4155645954103
14.6875	-34.4361880380448
14.7	-34.4423454820369
14.7125	-34.4603658920669
14.725	-34.477209394373
14.7375	-34.4765984818357
14.75	-34.4769374870946
14.7625	-34.4776310490825
14.775	-34.4559595785774
14.7875	-34.4772538866313
14.8	-34.508391796876
14.8125	-34.4932514368998
14.825	-34.4400900083846
14.8375	-34.5102567469494
14.85	-34.5372131067998
14.8625	-34.5160714096813
14.875	-34.5081532439202
14.8875	-34.5085793430043
14.9	-34.5242918543308
14.9125	-34.5542441573268
14.925	-34.5626435199547
14.9375	-34.5694943734478
14.95	-34.5997840718491
14.9625	-34.5789852589763
14.975	-34.5988414270478
14.9875	-34.5964783211284
15	-34.6044222376417
15.0125	-34.6046290960388
15.025	-34.585559395267
15.0375	-34.6046476841976
15.05	-34.6279379904631
15.0625	-34.6440087005763
15.075	-34.6539449019816
15.0875	-34.6829120303766
15.1	-34.6751689511688
15.1125	-34.6838848308579
15.125	-34.6986845314681
15.1375	-34.7135930793148
15.15	-34.7146054389688
15.1625	-34.7281077956734
15.175	-34.7659129677913
15.1875	-34.7771970598216
15.2	-34.8057700615522
15.2125	-34.8241854529717
15.225	-34.8333289158842
15.2375	-34.8440837637056
15.25	-34.8586989326485
15.2625	-34.9003620972828
15.275	-34.9199167415836
15.2875	-34.9622728821432
15.3	-34.9870156709374
15.3125	-35.0163571423949
15.325	-35.0529098890734
15.3375	-35.0848862443397
15.35	-35.1053710961042
15.3625	-35.094732942158
15.375	-35.0902003611378
15.3875	-35.1361554463074
15.4	-35.1818390632974
15.4125	-35.1933626544445
15.425	-35.1703430993442
15.4375	-35.2490612709264
15.45	-35.2637364579401
15.4625	-35.2952332064238
15.475	-35.3544599195565
15.4875	-35.2485532595981
15.5	-35.2678129973672
15.5125	-35.2352994488282
15.525	-35.2336173206639
15.5375	-35.2291553752275
15.55	-35.3734872404988
15.5625	-35.2522241913112
15.575	-35.3507796876419
15.5875	-35.3473272370976
15.6	-35.3518411358436
15.6125	-35.4002898570921
15.625	-35.3782539223999
15.6375	-35.3198341262657
15.65	-35.3570920204379
15.6625	-35.3338172043655
15.675	-35.2854431871386
15.6875	-35.3233099560524
15.7	-35.3430672262597
15.7125	-35.3705816167008
15.725	-35.3337022037359
15.7375	-35.2651253759536
15.75	-35.3209945357982
15.7625	-35.3469791091254
15.775	-35.369713826526
15.7875	-35.4549890776975
15.8	-35.6361245334777
15.8125	-35.6226122595133
15.825	-35.6184741269291
15.8375	-35.6758636161194
15.85	-35.6832595309884
15.8625	-35.7376246522116
15.875	-35.7386200874095
15.8875	-35.7304939424563
15.9	-35.797997450901
15.9125	-35.8185159500187
15.925	-35.8399837078801
15.9375	-35.8229945849628
15.95	-35.8340154172422
15.9625	-35.8203686932918
15.975	-35.8124296017019
15.9875	-35.848306968273
16	-35.8856612619205
16.0125	-35.9248335694805
16.025	-35.9611363433154
16.0375	-35.9731584027791
16.05	-36.0329629189221
16.0625	-36.0241962442338
16.075	-36.0336559488467
16.0875	-36.0729937656178
16.1	-36.0924450555786
16.1125	-36.1058171954239
16.125	-36.1110124920517
16.1375	-36.110509805195
16.15	-36.0968234979354
16.1625	-36.1116562367963
16.175	-36.1419810241041
16.1875	-36.1281561533311
16.2	-36.1203478189156
16.2125	-36.1214455768366
16.225	-36.1441132437838
16.2375	-36.1708026980915
16.25	-36.194863308091
16.2625	-36.2047650615449
16.275	-36.2072369798215
16.2875	-36.1938134163481
16.3	-36.1842377663742
16.3125	-36.20000222441
16.325	-36.3100163709022
16.3375	-36.3350929152048
16.35	-36.3223741360469
16.3625	-36.330756476769
16.375	-36.4013586726103
16.3875	-36.4055168497178
16.4	-36.4026280150178
16.4125	-36.3978869383261
16.425	-36.4161967139193
16.4375	-36.445062802269
16.45	-36.466597373954
16.4625	-36.5073887513784
16.475	-36.5558192649369
16.4875	-36.6559978270789
16.5	-36.6997454760267
16.5125	-36.7256342640779
16.525	-36.7706182902246
16.5375	-36.7838342890589
16.55	-36.8782592127731
16.5625	-36.9484722736993
16.575	-36.9762594001836
16.5875	-37.0264353406979
16.6	-37.04244945712
16.6125	-37.076430010296
16.625	-37.1688228345047
16.6375	-37.203263816379
16.65	-37.2327765657787
16.6625	-37.2545585558279
16.675	-37.3400369258663
16.6875	-37.4078129882217
16.7	-37.4186069274378
16.7125	-37.5478284066914
16.725	-37.6269295581757
16.7375	-37.6233399665168
16.75	-37.6675362686045
16.7625	-37.6558584818119
16.775	-37.6265450460852
16.7875	-37.619678245069
16.8	-37.6503647366439
16.8125	-37.6135259463498
16.825	-37.6671362344058
16.8375	-37.6703007014119
16.85	-37.6485979231299
16.8625	-37.6946127882598
16.875	-37.6727180079258
16.8875	-37.7044112862922
16.9	-37.555565963061
16.9125	-37.5825587435958
16.925	-37.5913747637071
16.9375	-37.5831894063927
16.95	-37.5338094675346
16.9625	-37.4825662688878
16.975	-37.3862615627817
16.9875	-37.3144222728996
17	-37.3695112040923
17.0125	-37.3367418250605
17.025	-37.3714203214007
17.0375	-37.3103392158768
17.05	-37.3257668356801
17.0625	-37.5231445760739
17.075	-37.4704046212662
17.0875	-37.4706528650282
17.1	-37.3941258577146
17.1125	-37.4657687986822
17.125	-37.4631391709978
17.1375	-37.3069266760549
17.15	-37.11422927314
17.1625	-37.3205740617316
17.175	-36.9411656374642
17.1875	-37.0834177736829
17.2	-37.1229388476109
17.2125	-37.2247158694808
17.225	-37.049158117832
17.2375	-36.672456888209
17.25	-36.6095451938489
17.2625	-36.8253454650845
17.275	-36.8786401850792
17.2875	-37.2537822032587
17.3	-37.032125953413
17.3125	-36.8210569833138
17.325	-36.8087714532792
17.3375	-36.8176166160933
17.35	-36.8989774452202
17.3625	-36.9202795024282
17.375	-37.0498984943631
17.3875	-37.1413230886995
17.4	-37.1010562297
17.4125	-37.1254326489292
17.425	-37.1184244037748
17.4375	-37.1912546514303
17.45	-37.1886508547359
17.4625	-37.2979570729706
17.475	-37.2962478417106
17.4875	-37.3798044233601
17.5	-37.335365984407
17.5125	-37.263622035812
17.525	-37.2322329836639
17.5375	-37.2271418020198
17.55	-37.1307208713306
17.5625	-37.2325204311287
17.575	-37.2721757729746
17.5875	-37.2652403806909
17.6	-37.2177330648807
17.6125	-37.1894596078074
17.625	-37.1249319478041
17.6375	-37.1058907348475
17.65	-37.0935945042193
17.6625	-37.0616377972652
17.675	-37.0573273463475
17.6875	-37.1104345176307
17.7	-37.1276048917953
17.7125	-37.1359948852595
17.725	-37.1938461992544
17.7375	-37.2048388188353
17.75	-37.2964424528798
17.7625	-37.3315091017912
17.775	-37.414594460487
17.7875	-37.5365634972271
17.8	-37.665119641638
17.8125	-37.7061724268507
17.825	-37.7779172718767
17.8375	-37.7973836693284
17.85	-37.8298172501706
17.8625	-37.8843177564859
17.875	-37.9374751336041
17.8875	-37.952835913453
17.9	-37.9430325669091
17.9125	-37.9872231919464
17.925	-38.0195749361315
17.9375	-38.0060465775114
17.95	-38.0495326498604
17.9625	-38.0709510497507
17.975	-38.0989178830848
17.9875	-38.1467025798597
18	-38.1904730778886
18.0125	-38.3537094280445
18.025	-38.3737832911134
18.0375	-38.3578093449378
18.05	-38.4594025368204
18.0625	-38.4417564740439
18.075	-38.5069192117942
18.0875	-38.5529913403673
18.1	-38.5469082687897
18.1125	-38.5841605179624
18.125	-38.5789674849474
18.1375	-38.6264318577349
18.15	-38.6474259263428
18.1625	-38.6217034285192
18.175	-38.6611267187603
18.1875	-38.667126811179
18.2	-38.6640215679644
18.2125	-38.7021417920401
18.225	-38.7466668293468
18.2375	-38.8076656042596
18.25	-38.7608595346294
18.2625	-38.740854635159
18.275	-38.7911701946529
18.2875	-38.9376061553589
18.3	-38.9381065612318
18.3125	-38.8752742990437
18.325	-38.7987050704655
18.3375	-38.8372203300786
18.35	-38.7809139194965
18.3625	-38.7055420762956
18.375	-38.6188902862015
18.3875	-38.6748110150943
18.4	-38.6306907471702
18.4125	-38.6168436099538
18.425	-38.6718824250758
18.4375	-38.712734970063
18.45	-38.7454687029765
18.4625	-38.6500717109444
18.475	-38.6983221897019
18.4875	-38.499930470771
18.5	-38.5376439244156
18.5125	-38.6494250424402
18.525	-38.6144470579268
18.5375	-38.813576497269
18.55	-38.7604433922721
18.5625	-38.5428536136794
18.575	-38.9140815129487
18.5875	-38.7264064982136
18.6	-38.9031944890085
18.6125	-38.798543188496
18.625	-38.8447334288078
18.6375	-38.9210657112034
18.65	-38.9817996819259
18.6625	-38.7585533942988
18.675	-38.9279845456353
18.6875	-38.9787697922273
18.7	-38.9552128230826
18.7125	-39.0833731332374
18.725	-39.0495345347215
18.7375	-39.0890077701499
18.75	-39.0792018583732
18.7625	-39.0779446971288
18.775	-39.1167278965548
18.7875	-39.1094499462438
18.8	-39.1127242191876
18.8125	-39.1203322103877
18.825	-39.1315906618015
18.8375	-39.2137938128697
18.85	-39.2261441584264
18.8625	-39.2042603633504
18.875	-39.2319310045497
18.8875	-39.203795101303
18.9	-39.1238154679239
18.9125	-39.1317424115803
18.925	-39.1264032764989
18.9375	-39.1636912320226
18.95	-39.0703491256603
18.9625	-39.0115786172606
18.975	-38.8960910732061
18.9875	-38.9645870592716
19	-38.8249020613972
19.0125	-38.7626999840807
19.025	-38.7477595956527
19.0375	-38.8276023949695
19.05	-38.7828037956344
19.0625	-38.8911059659752
19.075	-38.8770031259563
19.0875	-38.8099704719462
19.1	-38.8033946349329
19.1125	-38.7849101576771
19.125	-38.8390491473013
19.1375	-38.8245520871391
19.15	-38.8405533468382
19.1625	-38.8065697826653
19.175	-38.8456927392676
19.1875	-38.8331583244784
19.2	-38.8467930533756
19.2125	-38.8193775627205
19.225	-38.8865751202224
19.2375	-38.9471627830989
19.25	-38.9945339136743
19.2625	-39.0375941254406
19.275	-39.1597894983569
19.2875	-39.1795376738816
19.3	-39.1622433424406
19.3125	-39.1574186244826
19.325	-39.1590682573486
19.3375	-39.1733276949356
19.35	-39.1958522894282
19.3625	-39.1700107164768
19.375	-39.159156900773
19.3875	-39.171418011238
19.4	-39.1559929108346
19.4125	-39.1031922639098
19.425	-39.0874303024715
19.4375	-39.055822087487
19.45	-39.0357029088795
19.4625	-39.0331665650256
19.475	-39.0708230870641
19.4875	-39.1255751822187
19.5	-39.1369029419966
19.5125	-39.130077882469
19.525	-39.1619046323387
19.5375	-39.1843096431007
19.55	-39.1947090274434
19.5625	-39.2188433128041
19.575	-39.2307301201888
19.5875	-39.2568605033023
19.6	-39.2366937082583
19.6125	-39.2988509050527
19.625	-39.2919859985726
19.6375	-39.3552544977932
19.65	-39.3669109243521
19.6625	-39.3812053058453
19.675	-39.3910799111385
19.6875	-39.4399828106893
19.7	-39.4627464614578
19.7125	-39.4093355071088
19.725	-39.4811258595092
19.7375	-39.4338508156908
19.75	-39.436343299895
19.7625	-39.3988515419944
19.775	-39.3818378818352
19.7875	-39.4304514436145
19.8	-39.4323262193764
19.8125	-39.4753281956726
19.825	-39.4850996618803
19.8375	-39.454538630633
19.85	-39.4474596803134
19.8625	-39.440915556397
19.875	-39.3973261727064
19.8875	-39.4245462307916
19.9	-39.3792494913761
19.9125	-39.3553555387113
19.925	-39.288164062267
19.9375	-39.3151324458201
19.95	-39.3439758281017
19.9625	-39.3829582150363
19.975	-39.4301399442829
19.9875	-39.4244852393742
20	-39.5556930524898
20.0125	-39.6009836806156
20.025	-39.6673606740007
20.0375	-39.7020777870098
20.05	-39.6989028266061
20.0625	-39.8705894022222
20.075	-39.9716561744975
20.0875	-39.9623679239951
20.1	-39.9611885344604
20.1125	-39.9979219936347
20.125	-39.9778766205863
20.1375	-39.9169396613697
20.15	-39.8911878720163
20.1625	-39.8471973680101
20.175	-39.8314018475172
20.1875	-39.8321470199002
20.2	-39.8271501222608
20.2125	-39.8226989845633
20.225	-39.8245669503789
20.2375	-39.8326304015267
20.25	-39.859630299644
20.2625	-39.8806255062685
20.275	-39.9132253142732
20.2875	-39.9203400255503
20.3	-39.9212644458539
20.3125	-39.9234451839415
20.325	-39.9224451026536
20.3375	-39.9294391147172
20.35	-39.9468800411585
20.3625	-39.9537770359753
20.375	-39.9694773516614
20.3875	-39.9829232600553
20.4	-39.9756809283412
20.4125	-39.9672369454157
20.425	-39.961188733953
20.4375	-39.9825958735008
20.45	-39.9862433183631
20.4625	-39.976831557823
20.475	-39.9759468421166
20.4875	-39.9707462491382
20.5	-39.9468123724616
20.5125	-39.9400492198021
20.525	-39.9624006901849
20.5375	-39.9762853867484
20.55	-39.9838425135322
20.5625	-39.9892389768005
20.575	-39.9809492488421
20.5875	-39.9958979595077
20.6	-40.0008249943756
20.6125	-40.0032136438831
20.625	-40.0193217040823
20.6375	-40.01434797626
20.65	-40.0129226721871
20.6625	-40.0070504725152
20.675	-40.0020930475517
20.6875	-39.9945662941086
20.7	-39.9813939067699
20.7125	-39.9688283439381
20.725	-39.9637635048766
20.7375	-39.9566753392456
20.75	-39.9555829585618
20.7625	-39.948863147679
20.775	-39.9361081017157
20.7875	-39.9400147348287
20.8	-39.932325028444
20.8125	-39.9078558097291
20.825	-39.9090458165235
20.8375	-39.9048016080608
20.85	-39.9028994614154
20.8625	-39.9034850537588
20.875	-39.909957542971
20.8875	-39.9016139332784
20.9	-39.9121473653306
20.9125	-39.9178056748446
20.925	-39.9114951781032
20.9375	-39.9195553196031
20.95	-39.9133530977497
20.9625	-39.9111902748623
20.975	-39.9206328233673
20.9875	-39.9191768947792
21	-39.9350398506192
21.0125	-39.9170230463602
21.025	-39.9250312552838
21.0375	-39.9332047289655
21.05	-39.9362630456492
21.0625	-39.950294334927
21.075	-39.9346669046559
21.0875	-39.9298063846837
21.1	-39.933313224408
21.1125	-39.9379795707838
21.125	-39.9429668474658
21.1375	-39.9447534125977
21.15	-39.9601096440089
21.1625	-39.960714996232
21.175	-39.9746050245533
21.1875	-39.9849222285663
21.2	-39.9776629692511
21.2125	-39.9724217277644
21.225	-39.9604362782637
21.2375	-39.9629959837934
21.25	-39.9526064238915
21.2625	-39.9550776186369
21.275	-39.9843346254084
21.2875	-39.9946449025445
21.3	-40.0056732828245
21.3125	-40.0010620101479
21.325	-39.9914192767441
21.3375	-40.0056036404721
21.35	-40.0012015103482
21.3625	-40.0011991581503
21.375	-39.9983562478361
21.3875	-40.0053198542949
21.4	-40.0036709721034
21.4125	-40.0042729130006
21.425	-39.9977564979059
21.4375	-39.9927764655415
21.45	-39.9904421766092
21.4625	-39.9900617927485
21.475	-39.9747456669424
21.4875	-39.9665120649907
21.5	-39.9645571474371
21.5125	-39.973050180217
21.525	-39.9510579937359
21.5375	-39.941594562389
21.55	-39.9323053216711
21.5625	-39.9108206196146
21.575	-39.9049159522748
21.5875	-39.9025965821591
21.6	-39.9100424338222
21.6125	-39.8939714528652
21.625	-39.8929947514036
21.6375	-39.8727780092948
21.65	-39.8759138065744
21.6625	-39.8847129008367
21.675	-39.8921918409816
21.6875	-39.8829108733282
21.7	-39.8777930442571
21.7125	-39.8746058782302
21.725	-39.8357408236336
21.7375	-39.8074446402488
21.75	-39.8376493270432
21.7625	-39.8541836720079
21.775	-39.8269702899801
21.7875	-39.8099554670935
21.8	-39.8077993860959
21.8125	-39.8116627396273
21.825	-39.7863160588792
21.8375	-39.7708867330068
21.85	-39.7701163153764
21.8625	-39.7537364911525
21.875	-39.756678386511
21.8875	-39.7466134300843
21.9	-39.7337361398346
21.9125	-39.7196740445044
21.925	-39.7156710370823
21.9375	-39.7097259199012
21.95	-39.7042830796427
21.9625	-39.702886674599
21.975	-39.6964151080372
21.9875	-39.6832859840535
22	-39.6924848054847
22.0125	-39.6931493158548
22.025	-39.6892916126498
22.0375	-39.6873867987172
22.05	-39.6791540369813
22.0625	-39.6816671130607
22.075	-39.6763459681798
22.0875	-39.6755394488339
22.1	-39.6713328003263
22.1125	-39.6721952243089
22.125	-39.6738672960393
22.1375	-39.6792480591182
22.15	-39.6850005120717
22.1625	-39.6873827751018
22.175	-39.6918923124315
22.1875	-39.6924380995306
22.2	-39.6962344507436
22.2125	-39.701481844418
22.225	-39.7025113877261
22.2375	-39.6970107817934
22.25	-39.6972832188313
22.2625	-39.699597504221
22.275	-39.7051781425458
22.2875	-39.7130997055519
22.3	-39.7145436414078
22.3125	-39.7133456560875
22.325	-39.7052605609607
22.3375	-39.7006474671626
22.35	-39.7002017827469
22.3625	-39.6917508643188
22.375	-39.6876940706216
22.3875	-39.6881693903077
22.4	-39.6848942584042
22.4125	-39.6810813863166
22.425	-39.6777393785668
22.4375	-39.6795401571715
22.45	-39.6805863163191
22.4625	-39.681043331708
22.475	-39.6872653921521
22.4875	-39.6915518132296
22.5	-39.6978743543793
22.5125	-39.6852719966553
22.525	-39.6985257565985
22.5375	-39.6982012672879
22.55	-39.6615399144766
22.5625	-39.6512333847283
22.575	-39.6434120373173
22.5875	-39.6448016812635
22.6	-39.6393944334039
22.6125	-39.6424477150315
22.625	-39.6495707396797
22.6375	-39.6543750991038
22.65	-39.6572433541711
22.6625	-39.6626894935036
22.675	-39.6502893397641
22.6875	-39.6544280331109
22.7	-39.6419015689034
22.7125	-39.6400799916928
22.725	-39.6465033374251
22.7375	-39.6500920406816
22.75	-39.6626013019096
22.7625	-39.6588880119742
22.775	-39.6670494636945
22.7875	-39.6570579600085
22.8	-39.665381933663
22.8125	-39.6482950535687
22.825	-39.6456107092937
22.8375	-39.6400940685049
22.85	-39.6426307052297
22.8625	-39.6348418891214
22.875	-39.6211811641598
22.8875	-39.6047798824078
22.9	-39.598078193546
22.9125	-39.5837375999616
22.925	-39.5832124466444
22.9375	-39.5814245883655
22.95	-39.5893807205998
22.9625	-39.5700271149228
22.975	-39.5965906316062
22.9875	-39.6006082506947
23	-39.6062162770589
23.0125	-39.5968979371577
23.025	-39.5974283681869
23.0375	-39.5654774960343
23.05	-39.5772930213398
23.0625	-39.5632703514587
23.075	-39.5569296790837
23.0875	-39.5460873579079
23.1	-39.5390403264117
23.1125	-39.5396633087481
23.125	-39.5357330143882
23.1375	-39.537189154544
23.15	-39.5367607125265
23.1625	-39.5349114307015
23.175	-39.5341932214026
23.1875	-39.5391388258769
23.2	-39.5461354700832
23.2125	-39.5656144593536
23.225	-39.5789713215144
23.2375	-39.5670975895847
23.25	-39.5631750600978
23.2625	-39.5611573556718
23.275	-39.5562834698798
23.2875	-39.5455609655083
23.3	-39.5634085854797
23.3125	-39.5905943122899
23.325	-39.6030914050672
23.3375	-39.5912390386653
23.35	-39.5617244276682
23.3625	-39.5671379233718
23.375	-39.5602599712202
23.3875	-39.5503798702137
23.4	-39.5290787912509
23.4125	-39.5308536621475
23.425	-39.5230650467907
23.4375	-39.5320674156868
23.45	-39.5449440326605
23.4625	-39.5349733736614
23.475	-39.5289766959552
23.4875	-39.522910910078
23.5	-39.5232576362636
23.5125	-39.5351447686725
23.525	-39.5390702637739
23.5375	-39.5731814985431
23.55	-39.569407844426
23.5625	-39.5387277258289
23.575	-39.5295459446549
23.5875	-39.5188129634687
23.6	-39.5149019915582
23.6125	-39.5112000097646
23.625	-39.5033085155489
23.6375	-39.494498089898
23.65	-39.4925545573674
23.6625	-39.4921568796071
23.675	-39.4887138873688
23.6875	-39.4912064505586
23.7	-39.4952813074087
23.7125	-39.4855203832288
23.725	-39.4850201101492
23.7375	-39.4769670575897
23.75	-39.4840296252618
23.7625	-39.4803625030015
23.775	-39.4746380970085
23.7875	-39.4575929864894
23.8	-39.4654241792567
23.8125	-39.4506010539117
23.825	-39.4370426117281
23.8375	-39.4416165157071
23.85	-39.4232144326147
23.8625	-39.416309583339
23.875	-39.4141024742179
23.8875	-39.4108553472454
23.9	-39.3966402098817
23.9125	-39.3928945590482
23.925	-39.3962295004379
23.9375	-39.394577739627
23.95	-39.3855158692926
23.9625	-39.3779541821439
23.975	-39.3772769800259
23.9875	-39.372134019704
24	-39.3723474844264
24.0125	-39.3777186708662
24.025	-39.3828364470712
24.0375	-39.3626207766793
24.05	-39.3484448599781
24.0625	-39.3328092547094
24.075	-39.3393186060097
24.0875	-39.3238926252855
24.1	-39.3219937988811
24.1125	-39.3293982263744
24.125	-39.3263929983763
24.1375	-39.3199031579425
24.15	-39.3209049689796
24.1625	-39.3196267088655
24.175	-39.319064707028
24.1875	-39.298414906892
24.2	-39.2878323407817
24.2125	-39.2859801568805
24.225	-39.2831234027746
24.2375	-39.2568444058537
24.25	-39.2654509479627
24.2625	-39.2700357214321
24.275	-39.3030824264154
24.2875	-39.3095585716043
24.3	-39.2966992331054
24.3125	-39.2571043572366
24.325	-39.2785586389378
24.3375	-39.2792107052502
24.35	-39.2721863453042
24.3625	-39.2724012337777
24.375	-39.2660810855657
24.3875	-39.2616356715395
24.4	-39.2923300514207
24.4125	-39.2758788931298
24.425	-39.259735759775
24.4375	-39.2433145699006
24.45	-39.2291474662395
24.4625	-39.228056368684
24.475	-39.2298697492463
24.4875	-39.2147356575429
24.5	-39.1899395630292
24.5125	-39.1739798176572
24.525	-39.1605603592434
24.5375	-39.1609965449691
24.55	-39.1536786326432
24.5625	-39.1849323589431
24.575	-39.1944397211463
24.5875	-39.192708836772
24.6	-39.192708836772
24.6125	-39.192708836772
24.625	-39.192708836772
24.6375	-39.192708836772
24.65	-39.192708836772
24.6625	-39.192708836772
24.675	-39.192708836772
24.6875	-39.192708836772
24.7	-39.192708836772
24.7125	-39.192708836772
24.725	-39.192708836772
24.7375	-39.192708836772
24.75	-39.192708836772
24.7625	-39.192708836772
24.775	-39.192708836772
24.7875	-39.192708836772
24.8	-39.192708836772
24.8125	-39.192708836772
24.825	-39.192708836772
24.8375	-39.192708836772
24.85	-39.192708836772
24.8625	-39.192708836772
24.875	-39.192708836772
24.8875	-39.192708836772
24.9	-39.192708836772
24.9125	-39.192708836772
24.925	-39.192708836772
24.9375	-39.192708836772
24.95	-39.192708836772
24.9625	-39.192708836772
24.975	-39.192708836772
24.9875	-39.192708836772
25	-39.192708836772
25.0125	-39.192708836772
25.025	-39.192708836772
25.0375	-39.192708836772
25.05	-39.192708836772
25.0625	-39.192708836772
25.075	-39.192708836772
25.0875	-39.192708836772
25.1	-39.192708836772
25.1125	-39.192708836772
25.125	-39.192708836772
25.1375	-39.192708836772
25.15	-39.192708836772
25.1625	-39.192708836772
25.175	-39.192708836772
25.1875	-39.192708836772
25.2	-39.192708836772
25.2125	-39.192708836772
25.225	-39.192708836772
25.2375	-39.192708836772
25.25	-39.192708836772
25.2625	-39.192708836772
25.275	-39.192708836772
25.2875	-39.192708836772
25.3	-39.192708836772
25.3125	-39.192708836772
25.325	-39.192708836772
25.3375	-39.192708836772
25.35	-39.192708836772
25.3625	-39.192708836772
25.375	-39.192708836772
25.3875	-39.192708836772
25.4	-39.192708836772
25.4125	-39.192708836772
25.425	-39.192708836772
25.4375	-39.192708836772
25.45	-39.192708836772
25.4625	-39.192708836772
25.475	-39.192708836772
25.4875	-39.192708836772
25.5	-39.192708836772
25.5125	-39.192708836772
25.525	-39.192708836772
25.5375	-39.192708836772
25.55	-39.192708836772
25.5625	-39.192708836772
25.575	-39.192708836772
25.5875	-39.192708836772
25.6	-39.192708836772
25.6125	-39.192708836772
25.625	-39.192708836772
25.6375	-39.192708836772
25.65	-39.192708836772
25.6625	-39.192708836772
25.675	-39.192708836772
25.6875	-39.192708836772
25.7	-39.192708836772
25.7125	-39.192708836772
25.725	-39.192708836772
25.7375	-39.192708836772
25.75	-39.192708836772
25.7625	-39.192708836772
25.775	-39.192708836772
25.7875	-39.192708836772
25.8	-39.192708836772
25.8125	-39.192708836772
25.825	-39.192708836772
25.8375	-39.192708836772
25.85	-39.192708836772
25.8625	-39.192708836772
25.875	-39.192708836772
25.8875	-39.192708836772
25.9	-39.1928358583262
25.9125	-39.1940748005713
25.925	-39.1966771856128
25.9375	-39.2002693758779
25.95	-39.2039184004623
25.9625	-39.2041664928913
25.975	-39.212717040837
25.9875	-39.2198996994079
26	-39.2340624002971
26.0125	-39.2225846172778
26.025	-39.2272907687204
26.0375	-39.2228609273897
26.05	-39.2127131676443
26.0625	-39.204309257841
26.075	-39.207117264942
26.0875	-39.2300173821188
26.1	-39.2249701026193
26.1125	-39.2374524244575
26.125	-39.2417588020329
26.1375	-39.2416010021045
26.15	-39.263803962562
26.1625	-39.2767800312602
26.175	-39.2931508410831
26.1875	-39.3059431546745
26.2	-39.3203935299486
26.2125	-39.3304900989547
26.225	-39.3272021634403
26.2375	-39.3500720997188
26.25	-39.3937686278151
26.2625	-39.4459863969303
26.275	-39.4640406980818
26.2875	-39.5069685088917
26.3	-39.5424984455179
26.3125	-39.5449197267991
26.325	-39.5685363696311
26.3375	-39.5797316904661
26.35	-39.5874121354916
26.3625	-39.6156431979032
26.375	-39.6246005946294
26.3875	-39.6251666071834
26.4	-39.6380467258766
26.4125	-39.6460572282045
26.425	-39.6639693242798
26.4375	-39.6949578605326
26.45	-39.715285206668
26.4625	-39.7513914501613
26.475	-39.7696168257133
26.4875	-39.7837291915729
26.5	-39.7871869515122
26.5125	-39.7804142956952
26.525	-39.8466395626928
26.5375	-39.8586213669061
26.55	-39.9246839352633
26.5625	-39.8955564215619
26.575	-39.9175146142724
26.5875	-39.9312927453054
26.6	-39.9221480827244
26.6125	-39.9485157261371
26.625	-39.9692829635929
26.6375	-40.0053936257074
26.65	-40.0470028953099
26.6625	-40.0367930557168
26.675	-40.0844077102648
26.6875	-40.0943744117084
26.7	-40.1251465464205
26.7125	-40.1931723666386
26.725	-40.2291324141073
26.7375	-40.2631979106018
26.75	-40.330593696603
26.7625	-40.3153720298902
26.775	-40.2941855056621
26.7875	-40.2806318880148
26.8	-40.2306968629119
26.8125	-40.2291724982072
26.825	-40.2389778133075
26.8375	-40.2244538629309
26.85	-40.2048506677084
26.8625	-40.1941119169384
26.875	-40.2092339799709
26.8875	-40.1951630551895
26.9	-40.197001310829
26.9125	-40.2131248879137
26.925	-40.2253509756018
26.9375	-40.2227264068424
26.95	-40.2499812045294
26.9625	-40.2717082591764
26.975	-40.2404254831116
26.9875	-40.2532883247055
27	-40.2708313139457
27.0125	-40.2379787792522
27.025	-40.2246591160361
27.0375	-40.2471226848835
27.05	-40.3097249251428
27.0625	-40.2958686847751
27.075	-40.2867235808761
27.0875	-40.2668564590154
27.1	-40.243981802663
27.1125	-40.2498820932403
27.125	-40.2554787434149
27.1375	-40.2366888222263
27.15	-40.2274725478553
27.1625	-40.2379468917194
27.175	-40.2373150253658
27.1875	-40.2272846954722
27.2	-40.228818075538
27.2125	-40.2524604022292
27.225	-40.2307628251015
27.2375	-40.1787764153129
27.25	-40.1331201784397
27.2625	-40.1294017930008
27.275	-40.2032394499544
27.2875	-40.240439639752
27.3	-40.253707322433
27.3125	-40.2483881049389
27.325	-40.2512058002864
27.3375	-40.2989379344806
27.35	-40.2891894285294
27.3625	-40.3199951046153
27.375	-40.3539383902746
27.3875	-40.3731315328177
27.4	-40.3608201907445
27.4125	-40.3488567554589
27.425	-40.3854879730461
27.4375	-40.38119186682
27.45	-40.3434768022605
27.4625	-40.3526246269338
27.475	-40.325382474435
27.4875	-40.3904282058694
27.5	-40.375341116519
27.5125	-40.3771505591415
27.525	-40.4153605852863
27.5375	-40.4267485313336
27.55	-40.4762692279065
27.5625	-40.499677191349
27.575	-40.4943797434525
27.5875	-40.5168290224273
27.6	-40.5123281560028
27.6125	-40.527499662222
27.625	-40.5346755878719
27.6375	-40.5519756116128
27.65	-40.5201159294535
27.6625	-40.5319615017066
27.675	-40.5578223856629
27.6875	-40.5879616984924
27.7	-40.6289603422658
27.7125	-40.6473740195828
27.725	-40.6233220627706
27.7375	-40.5986829422245
27.75	-40.5887134469995
27.7625	-40.5341277312722
27.775	-40.5669973896498
27.7875	-40.6278390792637
27.8	-40.6098714106217
27.8125	-40.5472784033611
27.825	-40.5972702461466
27.8375	-40.6539246527025
27.85	-40.5636731912739
27.8625	-40.3447415368872
27.875	-40.3702973574492
27.8875	-40.2831294603428
27.9	-40.3253098731842
27.9125	-40.4680363217792
27.925	-40.4477635842603
27.9375	-40.6168765319082
27.95	-40.6507982876028
27.9625	-40.5733269859654
27.975	-40.4700681432827
27.9875	-40.3460599651375
28	-40.3721928138275
28.0125	-40.2049788912885
28.025	-40.1765775201902
28.0375	-40.3398476452755
28.05	-40.328260121412
28.0625	-40.4203545192343
28.075	-40.4410088207804
28.0875	-40.4555390586784
28.1	-40.4417106585322
28.1125	-40.3479209583967
28.125	-40.3028548102589
28.1375	-40.4636266923667
28.15	-40.4055001214554
28.1625	-40.3278727149932
28.175	-40.3504865170887
28.1875	-40.4320993549454
28.2	-40.5221221390566
28.2125	-40.5572504096537
28.225	-40.522073831021
28.2375	-40.5282394013159
28.25	-40.5286246088819
28.2625	-40.6143555449019
28.275	-40.5926798533895
28.2875	-40.5513413401615
28.3	-40.5323832675444
28.3125	-40.4284014907964
28.325	-40.4694590684321
28.3375	-40.5009292678037
28.35	-40.5092752593372
28.3625	-40.4941860782536
28.375	-40.5040772603046
28.3875	-40.515869171482
28.4	-40.5945563850542
28.4125	-40.4705624769841
28.425	-40.5452288501938
28.4375	-40.4949243750643
28.45	-40.360412923311
28.4625	-40.178526126271
28.475	-40.3465178776922
28.4875	-40.1108196851326
28.5	-40.2082515162866
28.5125	-40.2979851620834
28.525	-40.2556691997357
28.5375	-40.3978891335627
28.55	-40.4740020482995
28.5625	-40.4592261377547
28.575	-40.2845661119939
28.5875	-40.3287263856982
28.6	-40.3355488917034
28.6125	-40.3072488819455
28.625	-40.2896547755739
28.6375	-40.2818869687124
28.65	-40.3457929604316
28.6625	-40.3834057897181
28.675	-40.3015174844828
28.6875	-40.1932151668195
28.7	-40.1841006479743
28.7125	-40.2065724239112
28.725	-40.2673316607309
28.7375	-40.2723790583375
28.75	-40.3864150608426
28.7625	-40.2824132843751
28.775	-40.2521925900706
28.7875	-40.3971937870582
28.8	-40.3604805970402
28.8125	-40.2995033357021
28.825	-40.3392793319984
28.8375	-40.4458857745104
28.85	-40.4354066754226
28.8625	-40.2862885927127
28.875	-40.364249560984
28.8875	-40.2329703551444
28.9	-39.9327666236381
28.9125	-40.2378876619428
28.925	-39.8287964603547
28.9375	-39.8870269061721
28.95	-39.8893288415165
28.9625	-39.6654276707793
28.975	-39.8934791116866
28.9875	-40.0086706470006
29	-39.6790130796606
29.0125	-39.6829292730804
29.025	-40.1801598543288
29.0375	-40.2502514551165
29.05	-40.3971439158396
29.0625	-40.3680222434017
29.075	-40.2946510187094
29.0875	-40.3168792979358
29.1	-40.3164436470692
29.1125	-40.3801296841851
29.125	-40.3688436527018
29.1375	-40.4035636257546
29.15	-40.4281077162431
29.1625	-40.4118038388296
29.175	-40.4229657257106
29.1875	-40.6362025831594
29.2	-40.6415137200643
29.2125	-40.6228925009063
29.225	-40.6281684917606
29.2375	-40.7042437543817
29.25	-40.6848850301372
29.2625	-40.5880831974921
29.275	-40.7245122989722
29.2875	-40.7011541273223
29.3	-40.6457754666229
29.3125	-40.6480974463544
29.325	-40.5617874155545
29.3375	-40.4948410036011
29.35	-40.4861731503846
29.3625	-40.5290981301304
29.375	-40.4551697905328
29.3875	-40.4853197046567
29.4	-40.5437697568735
29.4125	-40.5073032876693
29.425	-40.5686919933967
29.4375	-40.5406100958706
29.45	-40.5985609751692
29.4625	-40.5727679839001
29.475	-40.408556407319
29.4875	-40.1689040048394
29.5	-40.0479050036866
29.5125	-40.080305172737
29.525	-40.1436255372067
29.5375	-40.2152356700088
29.55	-40.2452642212754
29.5625	-40.2824394115539
29.575	-40.3717807400356
29.5875	-40.3243048631775
29.6	-40.5877810231919
29.6125	-40.4592424546885
29.625	-40.4528989310199
29.6375	-40.5328816130426
29.65	-40.5290775261338
29.6625	-40.5976977718929
29.675	-40.0615885897334
29.6875	-39.6318189602884
29.7	-39.458255401546
29.7125	-39.0266971694658
29.725	-39.245513192416
29.7375	-39.7041639264413
29.75	-39.7897578889049
29.7625	-39.4590468303161
29.775	-39.353799993276
29.7875	-39.4409423236549
29.8	-39.1957638348346
29.8125	-39.3646360553197
29.825	-39.3457606313429
29.8375	-39.1924701327217
29.85	-39.28678959406
29.8625	-39.3778482582408
29.875	-39.2904706309688
29.8875	-39.1166226071729
29.9	-39.0378685969526
29.9125	-38.9980752421134
29.925	-39.0145989607402
29.9375	-39.0726258528677
29.95	-39.0995404219007
29.9625	-39.1599460179555
29.975	-39.1892394837856
29.9875	-39.2852504590206
30	-39.2801384948624
