n	mic1_L1_mis	mic1_L1_stima	mic1_L2_mis	mic1_L2_stima	mic2_L1_mis	mic2_L1_stima	mic2_L2_mis	mic2_L2_stima
0	0.000236	0.004248	-0.000404	-0.017823	0.000489	0.031538	0.000109	-0.001666
1	-0.000551	0.005514	0.000552	-0.007587	-0.000173	0.033400	-0.000103	0.003280
2	-0.000051	0.004503	-0.000741	-0.000870	0.000867	0.036759	0.000136	-0.002291
3	0.000161	0.003592	0.000843	0.000899	-0.001087	0.033764	-0.000116	0.002023
4	0.000526	0.002454	-0.001035	0.025498	0.000203	0.018844	0.000155	0.000529
5	-0.000375	0.000938	0.001105	0.014742	-0.000474	0.024976	-0.000128	0.002101
6	-0.000229	0.000761	-0.001313	0.002154	0.001165	0.024586	0.000181	0.003693
7	-0.000134	0.001989	0.001343	0.027589	-0.000776	0.021990	-0.000137	0.002999
8	0.000661	0.001578	-0.001529	0.006685	0.000100	0.022194	0.000187	0.003340
9	-0.000065	0.001342	0.001530	0.037759	-0.000873	0.014260	-0.000155	0.004037
10	-0.000192	-0.000126	-0.001700	0.014058	0.001160	0.022896	0.000197	0.007690
11	-0.000458	0.003370	0.001656	0.017021	-0.000349	0.011599	-0.000157	0.003672
12	0.000539	0.003597	-0.001819	0.003237	0.000249	0.018904	0.000191	0.003039
13	0.000207	0.007075	0.001739	0.003468	-0.001162	0.019206	-0.000151	0.000505
14	0.000050	0.005790	-0.001883	-0.002726	0.000823	0.019213	0.000185	0.000194
15	-0.000652	0.009053	0.001783	-0.004783	-0.000031	0.032486	-0.000144	-0.000768
16	0.000229	0.007871	-0.001889	-0.009129	0.000556	0.033127	0.000180	-0.005080
17	0.000282	0.009036	0.001806	-0.001579	-0.001165	0.034527	-0.000128	-0.000722
18	0.000377	0.007192	-0.001850	-0.005192	0.000295	0.045232	0.000162	-0.001468
19	-0.000605	0.007233	0.001773	0.013060	0.000044	0.033288	-0.000108	0.001513
20	-0.000131	0.000320	-0.001791	-0.007387	0.000888	0.031898	0.000135	0.000242
21	0.000119	0.000670	0.001709	0.008668	-0.000817	0.032487	-0.000088	-0.001548
22	0.000628	-0.003603	-0.001710	0.003801	-0.000167	0.025768	0.000105	0.006154
23	-0.000321	-0.002381	0.001630	0.030813	-0.000169	0.025418	-0.000077	0.000136
24	-0.000325	-0.006963	-0.001616	0.026004	0.001027	0.028132	0.000076	0.008188
25	-0.000210	-0.003857	0.001563	0.043351	-0.000234	0.015569	-0.000055	-0.000753
26	0.000653	-0.006009	-0.001529	0.012308	-0.000335	0.022787	0.000040	0.004144
27	0.000058	0.000662	0.001478	-0.002477	-0.000533	-0.008334	-0.000027	-0.000509
28	-0.000273	0.000795	-0.001446	-0.001482	0.000853	0.010538	0.000020	-0.001806
29	-0.000541	0.006838	0.001434	0.007810	0.000303	-0.009057	-0.000007	-0.000535
30	0.000414	0.007169	-0.001397	0.006362	-0.000105	0.017165	-0.000005	-0.006096
31	0.000332	0.008721	0.001425	-0.008472	-0.000859	0.009987	0.000006	-0.001429
32	0.000007	0.008668	-0.001384	-0.001369	0.000405	0.026802	-0.000037	-0.004293
33	-0.000686	0.006591	0.001455	0.006169	0.000534	0.028370	0.000020	-0.002385
34	0.000002	0.006326	-0.001426	-0.013087	0.000394	0.013691	-0.000065	-0.001903
35	0.000360	0.003257	0.001501	0.006011	-0.000881	0.029281	0.000024	-0.002667
36	0.000363	0.001359	-0.001499	-0.024007	-0.000083	0.014014	-0.000080	0.001736
37	-0.000547	-0.000882	0.001605	0.003184	0.000370	0.008794	0.000029	-0.005226
38	-0.000352	-0.002923	-0.001612	0.003102	0.000920	0.008207	-0.000089	0.004034
39	0.000134	-0.004137	0.001761	0.040666	-0.000573	0.010079	0.000042	0.001113
40	0.000609	-0.007170	-0.001741	0.040005	-0.000379	0.018452	-0.000093	0.001924
41	-0.000163	-0.006680	0.001950	0.016042	-0.000143	-0.010259	0.000053	0.001401
42	-0.000497	-0.006033	-0.001918	0.032919	0.001157	0.017319	-0.000095	-0.005803
43	-0.000238	-0.003666	0.002141	0.017739	-0.000049	-0.000331	0.000047	0.001012
44	0.000569	-0.003382	-0.002119	0.032374	-0.000336	0.006359	-0.000090	-0.005591
45	0.000261	-0.002331	0.002346	0.004338	-0.000743	-0.007766	0.000048	-0.001114
46	-0.000354	-0.000188	-0.002330	-0.008506	0.000962	-0.005298	-0.000093	-0.002105
47	-0.000549	0.001327	0.002551	0.011445	0.000397	-0.002407	0.000040	-0.002190
48	0.000243	0.001055	-0.002510	-0.020504	0.000075	-0.002856	-0.000088	0.001367
49	0.000535	0.002105	0.002727	-0.004360	-0.001113	0.005821	0.000035	-0.004629
50	-0.000006	-0.001439	-0.002671	-0.028547	0.000418	-0.007684	-0.000066	0.004986
51	-0.000616	-0.000139	0.002875	-0.006063	0.000519	-0.012308	0.000030	-0.003022
52	-0.000215	-0.004730	-0.002799	-0.006136	0.000665	-0.020657	-0.000053	0.004405
53	0.000507	-0.002549	0.002952	-0.013635	-0.001029	-0.016657	0.000032	0.000359
54	0.000380	-0.004567	-0.002856	-0.006849	-0.000189	-0.006192	-0.000038	-0.000048
55	-0.000354	-0.002395	0.002988	-0.012511	0.000234	-0.019369	0.000020	0.000724
56	-0.000574	-0.005604	-0.002892	0.025500	0.001109	-0.005167	-0.000029	-0.000903
57	0.000226	-0.005399	0.002941	-0.000965	-0.000571	-0.023276	0.000003	0.002064
58	0.000572	-0.006350	-0.002871	-0.000028	-0.000552	-0.006068	-0.000015	-0.001405
59	0.000103	-0.005531	0.002851	-0.007986	-0.000342	-0.018242	-0.000003	-0.000732
60	-0.000663	-0.004641	-0.002777	-0.001180	0.001155	0.009286	-0.000010	-0.002838
61	-0.000196	-0.003999	0.002688	0.019634	0.000076	0.022935	0.000007	-0.002518
62	0.000443	-0.004692	-0.002615	0.011862	-0.000495	0.024624	0.000007	0.003045
63	0.000555	-0.005243	0.002514	0.018374	-0.000951	0.025953	0.000008	-0.001349
64	-0.000425	-0.005593	-0.002436	0.005525	0.000726	0.012116	0.000020	0.006504
65	-0.000488	-0.001171	0.002315	0.010203	0.000567	0.022048	0.000018	-0.001111
66	0.000050	-0.001069	-0.002233	0.003578	0.000020	0.010180	0.000014	0.002859
67	0.000768	0.000228	0.002062	0.004646	-0.001223	-0.014498	0.000031	0.002995
68	0.000026	-0.000250	-0.001991	0.035819	0.000063	0.004671	0.000006	-0.001330
69	-0.000483	-0.000339	0.001802	0.005567	0.000650	-0.017337	0.000046	0.004208
70	-0.000416	0.001158	-0.001777	0.029000	0.000664	0.004768	-0.000007	-0.001290
71	0.000657	0.000126	0.001570	-0.001559	-0.000962	0.000624	0.000064	0.002123
72	0.000448	0.001589	-0.001577	0.015792	-0.000589	0.007596	-0.000018	0.000961
73	-0.000148	-0.001363	0.001393	0.033673	0.000248	-0.000297	0.000095	0.000900
74	-0.000720	0.001764	-0.001365	0.017490	0.001097	-0.002452	-0.000039	0.002620
75	0.000236	0.001404	0.001201	0.031926	-0.000331	-0.001546	0.000129	-0.002719
76	0.000592	0.002349	-0.001210	0.007108	-0.000844	-0.000484	-0.000058	0.004253
77	0.000336	0.003370	0.001065	0.027538	-0.000434	0.014963	0.000153	0.000743
78	-0.000717	0.002008	-0.001083	0.021172	0.001062	0.019485	-0.000084	0.003609
79	-0.000241	0.000825	0.000957	0.035732	0.000408	0.019535	0.000177	0.002239
80	0.000377	0.000117	-0.001020	0.042422	-0.000591	0.019401	-0.000130	0.001815
81	0.000736	0.001109	0.000879	0.026811	-0.001041	0.008653	0.000188	0.004452
82	-0.000375	0.001764	-0.000979	0.038634	0.000546	0.025956	-0.000157	0.001599
83	-0.000542	0.002522	0.000852	0.022835	0.000856	0.010591	0.000205	0.005733
84	-0.000099	0.002525	-0.000956	0.033594	0.000116	0.026503	-0.000179	0.001046
85	0.000849	-0.000899	0.000861	0.018860	-0.001184	0.009439	0.000219	0.002718
86	0.000124	-0.000246	-0.000973	0.012417	-0.000194	0.000365	-0.000201	0.000778
87	-0.000468	-0.000852	0.000918	0.021230	0.000804	0.022437	0.000237	-0.000135
88	-0.000586	0.000615	-0.000976	0.022987	0.000873	0.025727	-0.000218	0.004723
89	0.000588	-0.002234	0.000964	0.040994	-0.000820	0.029802	0.000233	-0.001761
90	0.000521	-0.003674	-0.001039	0.014381	-0.000769	0.016918	-0.000227	0.004458
91	-0.000091	-0.002043	0.001034	0.026097	0.000215	0.011982	0.000226	0.000049
92	-0.000866	-0.003167	-0.001093	0.001471	0.001301	0.019411	-0.000247	0.002402
93	0.000066	0.001364	0.001112	-0.004898	-0.000064	0.025299	0.000219	-0.000492
94	0.000575	0.000676	-0.001160	0.017276	-0.000901	0.031072	-0.000260	-0.001294
95	0.000426	0.003874	0.001208	0.018794	-0.000568	0.002428	0.000212	-0.000287
96	-0.000743	0.001709	-0.001201	0.037089	0.001147	0.023129	-0.000249	-0.001526
97	-0.000444	0.002380	0.001315	0.011187	0.000728	0.009093	0.000208	0.002203
98	0.000269	0.001527	-0.001237	0.016259	-0.000414	0.019301	-0.000236	0.001442
99	0.000799	0.003926	0.001393	0.013948	-0.001120	0.014145	0.000204	0.004180
100	-0.000304	0.003984	-0.001278	0.007668	0.000485	-0.001373	-0.000243	0.004659
101	-0.000659	0.001995	0.001450	0.013115	0.001160	0.012120	0.000195	0.002948
102	-0.000275	0.004116	-0.001302	-0.007223	0.000404	-0.005656	-0.000247	0.006388
103	0.000829	0.006083	0.001480	0.014426	-0.001102	0.010019	0.000179	0.002407
104	0.000249	0.009403	-0.001336	-0.019454	-0.000378	0.006745	-0.000241	0.002659
105	-0.000477	0.010159	0.001491	-0.017317	0.000951	0.012679	0.000161	0.000350
106	-0.000771	0.008013	-0.001307	-0.019412	0.001115	0.009402	-0.000242	0.001473
107	0.000467	0.007471	0.001473	-0.016091	-0.000512	0.006384	0.000174	0.001103
108	0.000562	0.008591	-0.001263	-0.006483	-0.001003	0.021493	-0.000242	-0.000178
109	0.000018	0.008115	0.001440	-0.029957	0.000242	0.016426	0.000171	-0.000259
110	-0.000986	0.009810	-0.001190	-0.013165	0.001320	0.050872	-0.000234	-0.003486
111	-0.000096	0.007494	0.001359	-0.007703	0.000388	0.028654	0.000161	-0.002062
112	0.000520	0.004284	-0.001091	-0.001938	-0.001082	0.043204	-0.000226	-0.000731
113	0.000589	0.000575	0.001249	0.012867	-0.000589	0.046169	0.000164	-0.002653
114	-0.000766	-0.000961	-0.000989	0.010203	0.000904	0.033980	-0.000236	0.001467
115	-0.000542	-0.000840	0.001076	0.032485	0.001195	0.027284	0.000160	-0.000500
116	0.000082	-0.001778	-0.000864	0.009856	-0.000523	0.021605	-0.000231	0.001689
117	0.000945	-0.001074	0.000917	0.029964	-0.001072	0.011075	0.000157	0.003819
118	-0.000226	-0.000492	-0.000708	0.005979	0.000011	-0.006006	-0.000209	-0.000018
119	-0.000649	0.002822	0.000730	0.001230	0.001445	0.002880	0.000150	0.003328
120	-0.000490	0.002116	-0.000522	0.010171	0.000317	-0.024496	-0.000186	-0.000632
121	0.000892	0.003317	0.000536	0.004134	-0.000963	-0.016918	0.000171	-0.001251
122	0.000337	0.005510	-0.000319	0.002943	-0.000976	-0.012428	-0.000168	0.001470
123	-0.000319	0.005442	0.000321	0.014905	0.001016	-0.018559	0.000167	-0.001814
124	-0.000963	0.003237	-0.000137	0.001444	0.000996	-0.007107	-0.000117	0.002123
125	0.000435	0.004335	0.000109	0.002551	-0.000243	-0.007092	0.000148	-0.003120
126	0.000635	0.004192	0.000043	-0.022067	-0.001490	0.009716	-0.000110	0.000831
127	0.000274	0.002425	-0.000133	-0.015121	0.000081	0.011714	0.000146	-0.002932
128	-0.001010	-0.000423	0.000232	-0.010219	0.001135	0.036551	-0.000080	0.002508
129	-0.000139	-0.003593	-0.000346	-0.003140	0.000686	0.032516	0.000126	0.000093
130	0.000502	-0.004143	0.000397	0.008386	-0.001307	0.039515	-0.000043	0.000290
131	0.000882	-0.002919	-0.000539	0.011326	-0.000838	0.021524	0.000114	0.004371
132	-0.000637	-0.002295	0.000582	0.023167	0.000613	0.036581	-0.000003	-0.003610
133	-0.000552	-0.001441	-0.000728	0.005346	0.001370	0.039460	0.000105	0.002285
134	0.000008	0.001468	0.000756	0.020692	-0.000447	0.020217	0.000014	-0.002411
135	0.001131	-0.000892	-0.000934	0.016547	-0.001327	0.044125	0.000088	-0.004893
136	0.000004	0.001957	0.000914	0.010534	-0.000326	-0.004763	0.000042	0.003292
137	-0.000541	-0.003017	-0.001122	0.025350	0.001331	0.033830	0.000053	-0.007775
138	-0.000624	-0.000802	0.001030	0.025183	0.000573	0.002678	0.000056	-0.001205
139	0.000924	-0.004439	-0.001259	0.031728	-0.001121	0.002832	0.000015	0.000732
140	0.000533	-0.001777	0.001135	0.025803	-0.001169	0.022756	0.000060	-0.005053
141	-0.000153	-0.005007	-0.001408	-0.008520	0.000595	-0.010759	0.000014	0.007014
142	-0.001023	-0.002210	0.001294	0.029833	0.001324	-0.013613	0.000072	-0.004608
143	0.000332	-0.005483	-0.001511	-0.017125	-0.000326	-0.019787	-0.000010	0.005299
144	0.000723	-0.000167	0.001379	-0.005125	-0.001440	-0.028046	0.000096	0.001518
145	0.000514	-0.002976	-0.001562	-0.010881	-0.000517	-0.001105	-0.000035	0.000211
146	-0.000981	0.006302	0.001455	-0.028852	0.001389	-0.016764	0.000109	0.001601
147	-0.000288	-0.000856	-0.001623	-0.010024	0.000643	-0.005144	-0.000028	-0.000628
148	0.000449	0.005601	0.001527	-0.023499	-0.000911	-0.004521	0.000087	-0.000681
149	0.001018	-0.000680	-0.001695	-0.004136	-0.001431	0.003031	-0.000057	0.002940
150	-0.000490	0.003141	0.001560	-0.006194	0.000755	-0.002620	0.000106	-0.005310
151	-0.000654	0.003497	-0.001685	-0.010449	0.001235	0.025883	-0.000082	0.001857
152	-0.000182	0.003714	0.001561	0.015872	0.000133	0.019747	0.000101	-0.002143
153	0.001172	-0.000365	-0.001644	-0.001224	-0.001706	0.027533	-0.000079	0.001650
154	0.000155	-0.003446	0.001566	0.014803	-0.000271	0.008069	0.000111	0.002704
155	-0.000555	-0.004025	-0.001579	0.011887	0.001111	0.003854	-0.000088	0.001850
156	-0.000831	-0.006023	0.001570	0.007525	0.001237	0.000222	0.000098	0.004138
157	0.000768	-0.002242	-0.001480	-0.003371	-0.001123	0.006018	-0.000085	0.000866
158	0.000633	-0.003496	0.001504	0.003138	-0.001065	-0.006894	0.000116	0.004609
159	-0.000014	-0.000892	-0.001341	0.010705	0.000339	0.004961	-0.000129	0.005167
160	-0.001178	0.004035	0.001390	-0.001247	0.001797	-0.000538	0.000085	-0.003685
161	0.000144	0.002461	-0.001220	-0.009776	0.000016	0.002647	-0.000124	0.003629
162	0.000679	0.007292	0.001299	-0.018666	-0.001209	-0.002638	0.000068	-0.005652
163	0.000665	0.004288	-0.001095	-0.009753	-0.000669	0.009260	-0.000164	0.003872
164	-0.000991	0.005923	0.001172	-0.006225	0.001563	-0.011178	0.000057	-0.003927
165	-0.000510	0.002925	-0.000915	-0.004416	0.001167	0.019100	-0.000169	0.000641
166	0.000208	0.006352	0.001007	-0.015643	-0.000602	0.021926	0.000057	-0.000852
167	0.001136	0.003775	-0.000699	-0.004132	-0.001364	0.023093	-0.000170	0.000725
168	-0.000466	-0.002061	0.000874	0.003416	0.000550	0.043045	0.000047	0.000776
169	-0.000762	-0.002034	-0.000528	0.017003	0.001683	0.027343	-0.000156	0.000508
170	-0.000513	-0.010169	0.000713	0.057866	0.000413	0.014821	0.000048	0.009616
171	0.001077	-0.004572	-0.000322	0.052608	-0.001372	0.023461	-0.000180	0.001063
172	0.000217	-0.009237	0.000494	0.063474	-0.000648	0.010549	0.000055	0.007406
173	-0.000535	-0.000895	-0.000148	0.060685	0.001374	0.006269	-0.000177	0.004305
174	-0.001156	-0.003909	0.000291	0.046971	0.001402	0.008244	0.000017	0.002052
175	0.000611	0.001673	0.000033	0.034394	-0.000567	-0.009089	-0.000138	0.006823
176	0.000623	-0.002188	0.000129	0.047237	-0.001425	-0.018454	0.000048	-0.000910
177	0.000132	0.006039	0.000210	0.021400	0.000352	0.005424	-0.000159	0.005572
178	-0.001282	0.007761	-0.000065	0.020856	0.001757	-0.023620	0.000091	-0.000995
179	-0.000124	0.009007	0.000412	0.033327	0.000586	0.003452	-0.000118	0.003485
180	0.000597	0.010104	-0.000222	-0.002655	-0.001355	0.006398	0.000077	-0.001831
181	0.000848	0.007626	0.000530	0.019753	-0.000811	0.021778	-0.000076	0.003148
182	-0.000954	0.007713	-0.000358	-0.017854	0.001241	-0.004886	0.000085	0.001949
183	-0.000661	0.009100	0.000600	-0.000791	0.001546	0.031412	-0.000084	0.000945
184	0.000060	0.005887	-0.000481	0.013763	-0.000529	0.008205	0.000129	0.006981
185	0.001211	0.006436	0.000680	0.009440	-0.001541	0.028113	-0.000095	-0.002269
186	-0.000177	0.002834	-0.000602	0.015612	0.000105	0.038686	0.000129	0.001575
187	-0.000801	0.000835	0.000699	0.013118	0.001700	0.012958	-0.000049	0.004075
188	-0.000657	-0.001423	-0.000627	0.051422	0.000650	0.048362	0.000102	-0.002915
189	0.001080	0.001699	0.000676	0.017451	-0.001380	0.037533	-0.000046	0.006715
190	0.000494	-0.002289	-0.000603	0.065078	-0.001093	0.031081	0.000149	-0.001234
191	-0.000341	-0.001414	0.000621	0.045979	0.001086	0.044052	-0.000049	0.003572
192	-0.001140	-0.001590	-0.000575	0.045455	0.001549	0.014946	0.000180	0.007358
193	0.000456	-0.002964	0.000512	0.068036	-0.000450	0.030335	-0.000054	-0.000607
194	0.000908	-0.004955	-0.000505	0.006950	-0.001748	-0.000642	0.000156	0.011370
195	0.000418	0.000236	0.000344	0.054779	-0.000146	0.005148	-0.000021	0.003866
196	-0.001164	-0.000166	-0.000380	0.010329	0.001581	-0.005939	0.000131	0.006621
197	-0.000247	0.006563	0.000115	0.044657	0.000811	-0.000777	-0.000061	0.008807
198	0.000628	0.003118	-0.000245	0.024284	-0.001533	0.002505	0.000185	0.001269
199	0.001077	0.005791	-0.000074	0.006320	-0.001288	0.005123	-0.000069	0.011335
200	-0.000618	0.006441	-0.000047	0.017497	0.000722	-0.016306	0.000210	0.000908
201	-0.000776	0.008656	-0.000284	-0.001275	0.001607	0.015479	-0.000019	0.005922
202	0.000008	0.010922	0.000175	0.006451	-0.000553	-0.011087	0.000180	0.004427
203	0.001324	0.008275	-0.000543	0.005297	-0.001781	0.027530	-0.000010	0.003611
204	0.000122	0.007747	0.000423	0.004526	-0.000621	0.014916	0.000251	0.001119
205	-0.000693	0.004180	-0.000750	0.027176	0.001653	0.035059	-0.000040	0.007245
206	-0.000761	0.001429	0.000637	0.020268	0.000708	0.022680	0.000264	0.001515
207	0.000992	0.000508	-0.001002	0.028823	-0.001291	0.037099	-0.000049	0.010102
208	0.000870	-0.002113	0.000833	0.030037	-0.001645	0.032920	0.000251	0.005671
209	-0.000139	0.004137	-0.001240	0.032926	0.000753	0.046007	-0.000040	0.004014
210	-0.001108	-0.002691	0.001121	0.037189	0.001565	0.035887	0.000248	0.008317
211	0.000331	0.003447	-0.001450	0.032692	-0.000137	0.013614	-0.000069	0.000242
212	0.000981	0.000588	0.001340	0.023244	-0.001917	0.016408	0.000298	0.010114
213	0.000694	0.006413	-0.001579	0.031741	-0.000563	-0.014097	-0.000084	0.002332
214	-0.000959	0.004801	0.001592	0.026788	0.001608	0.015474	0.000307	0.008081
215	-0.000515	0.006783	-0.001773	0.004051	0.001043	0.012285	-0.000068	0.001528
216	0.000665	0.008386	0.001961	0.009011	-0.001103	-0.005405	0.000289	0.006363
217	0.001243	0.007951	-0.002015	-0.000250	-0.001758	-0.003466	-0.000152	0.004391
218	-0.000366	0.009882	0.001994	-0.019398	0.000771	-0.014987	0.000303	0.003921
219	-0.000829	0.005459	-0.002016	-0.001427	0.001642	-0.012627	-0.000214	0.005935
220	-0.000205	0.006801	0.002153	-0.049641	0.000362	-0.005633	0.000272	0.001313
221	0.001269	0.007780	-0.002166	-0.005854	-0.002030	0.015718	-0.000212	0.003397
222	0.000507	-0.001408	0.002367	-0.024201	-0.000346	0.002302	0.000209	0.000132
223	-0.000718	0.005839	-0.002340	-0.000924	0.001295	0.029118	-0.000304	0.004860
224	-0.000868	-0.001665	0.002578	-0.004823	0.001846	0.005119	0.000285	-0.000326
225	0.000782	0.006245	-0.002405	-0.005696	-0.001349	0.020746	-0.000383	0.005576
226	0.000957	-0.000735	0.002703	0.006235	-0.001125	0.021608	0.000306	-0.000834
227	0.000048	0.006330	-0.002482	-0.020031	0.000110	0.033241	-0.000344	0.003782
228	-0.001221	0.003204	0.002877	0.014152	0.002536	-0.013245	0.000212	0.002023
229	-0.000146	0.006028	-0.002599	-0.012799	-0.000079	0.032031	-0.000354	-0.001745
230	0.000991	0.009928	0.003029	0.019121	-0.001059	0.004737	0.000310	0.005117
231	0.000704	0.000992	-0.002717	0.024563	-0.001302	0.020052	-0.000566	-0.000597
232	-0.000963	0.011100	0.003022	0.017911	0.002172	0.044090	0.000309	0.003098
233	-0.000805	-0.006555	-0.002722	0.003788	0.001145	0.014588	-0.000487	0.000625
234	0.000220	0.003409	0.003119	0.015310	-0.000216	0.045017	0.000278	0.001155
235	0.001233	-0.008841	-0.002731	-0.012211	-0.002109	0.007466	-0.000509	-0.003400
236	-0.000237	0.002429	0.003221	0.015496	0.000949	0.025143	0.000169	0.000916
237	-0.001121	-0.006899	-0.002759	-0.001017	0.001687	-0.027947	-0.000503	0.000906
238	-0.000529	0.002218	0.003235	-0.026243	0.001241	0.029556	0.001048	-0.003104
239	0.001080	-0.004369	-0.002687	-0.005547	-0.001909	-0.038482	-0.000438	0.005682
240	0.000480	-0.005219	0.003128	-0.018018	-0.000446	-0.000668	-0.000408	0.000879
241	-0.000551	0.003722	-0.002630	-0.027333	0.001280	0.015140	0.000240	-0.003119
242	-0.001328	-0.004700	0.003124	-0.011217	0.002281	-0.035678	0.000411	0.017085
243	0.000441	0.013505	-0.002598	-0.013321	-0.000761	0.052943	0.007960	-0.011005
244	0.000944	-0.000601	0.003049	-0.049969	-0.001325	-0.032363	-0.010839	0.023316
245	0.000042	0.016461	-0.002505	0.022764	-0.000005	0.050611	-0.012675	-0.014296
246	-0.001427	-0.004602	0.002843	-0.023249	0.002488	-0.022819	0.020856	-0.008402
247	-0.000533	0.024472	-0.002306	-0.013013	0.000795	0.044271	-0.038266	0.025628
248	0.000545	-0.004391	0.002693	-0.002677	-0.001259	-0.048370	0.048751	-0.047173
249	0.001697	0.026250	-0.002227	-0.040189	-0.001231	0.066048	-0.028203	0.055721
250	-0.000868	-0.020674	0.002656	0.016345	0.001484	-0.006826	0.061920	-0.049591
251	-0.001877	-0.009273	-0.002108	0.003954	0.001953	-0.011474	-0.195254	0.093730
252	0.000853	0.018713	0.002258	0.019905	-0.000269	0.085714	-0.323278	-0.266777
253	0.001185	-0.061751	-0.001798	-0.019764	-0.001914	-0.100615	1.000000	-0.241343
254	0.008776	0.074051	0.001837	0.061581	0.000154	0.130077	0.172704	1.000000
255	-0.015483	-0.086284	-0.001463	-0.067465	0.001883	-0.087484	-0.718547	0.175499
256	-0.006771	0.131158	0.000705	0.100964	0.001361	0.078385	-0.370179	-0.776373
257	0.017895	-0.309572	-0.000170	-0.051544	-0.002593	0.001804	-0.207953	-0.337294
258	-0.039151	-0.159984	0.001673	0.019601	0.000128	0.005591	0.240872	-0.200448
259	0.056569	1.000000	-0.003236	0.031463	0.002037	0.093090	0.462754	0.234200
260	-0.049255	-0.011523	0.001499	-0.099449	-0.000816	-0.074782	0.455281	0.528568
261	0.088025	-0.607883	-0.001061	0.099817	-0.000172	0.098638	0.196691	0.386398
262	-0.251653	-0.230918	0.001264	-0.078763	-0.001373	-0.095637	0.302256	0.276844
263	-0.224033	-0.176240	-0.000636	0.100793	-0.000543	0.091569	0.112439	0.225434
264	1.000000	0.247659	0.000814	-0.012466	0.002142	-0.055284	0.202541	0.197870
265	-0.069781	0.448397	-0.001079	0.010326	0.002164	-0.014917	0.006405	0.138036
266	-0.557023	0.447995	0.000095	0.063016	-0.002229	0.006739	0.050785	0.077457
267	-0.276311	0.321456	-0.000740	-0.062493	-0.001979	-0.070243	-0.111310	0.004422
268	-0.153888	0.293111	-0.000192	0.121183	0.000459	0.014186	-0.025311	-0.053721
269	0.224138	0.163167	-0.000429	-0.127763	0.001473	-0.095107	-0.130027	-0.063785
270	0.436657	0.142604	-0.000395	0.086923	-0.000269	-0.023245	-0.017946	-0.083944
271	0.463771	0.064608	-0.000324	-0.098523	-0.002445	-0.072299	-0.100387	-0.055554
272	0.296687	-0.012525	-0.000107	-0.011965	-0.000692	0.001800	-0.026792	-0.071771
273	0.338999	-0.048675	0.001018	-0.070300	0.001194	-0.005468	-0.050043	-0.065897
274	0.109251	-0.076463	-0.001163	-0.054895	0.001627	-0.006478	-0.021365	-0.033459
275	0.196577	-0.086557	0.000080	-0.038862	-0.002097	0.053119	-0.058057	-0.056621
276	-0.013531	-0.118670	0.000108	-0.060763	-0.001479	0.012188	-0.018288	-0.051113
277	0.039008	-0.088210	0.006180	0.022892	-0.000357	0.072571	-0.051269	-0.039484
278	-0.142069	-0.068872	-0.000173	-0.035667	0.003064	0.017964	-0.008826	-0.046102
279	-0.020986	-0.043271	-0.020162	0.051338	0.000097	0.073787	-0.024464	-0.012596
280	-0.173951	-0.070456	0.004603	-0.027601	-0.001946	-0.009589	-0.013586	-0.014780
281	-0.053578	-0.085977	-0.012277	0.048641	-0.002323	0.086273	-0.050123	-0.008891
282	-0.150719	-0.056178	-0.003442	0.022993	0.003137	-0.039075	-0.026464	-0.040451
283	-0.000756	-0.065458	0.020294	0.026598	0.006649	0.035067	-0.023566	-0.018229
284	-0.080844	-0.020164	0.005126	0.061121	-0.001188	-0.016391	-0.054059	-0.019575
285	0.001792	-0.031496	-0.053214	0.031923	-0.024225	0.005505	-0.046342	-0.049424
286	-0.103398	-0.021866	-0.443341	-0.005276	0.008403	-0.100335	-0.029210	-0.049897
287	0.001153	-0.038118	0.429597	-0.498735	-0.012316	-0.459270	-0.040226	-0.027840
288	-0.079129	-0.009468	1.000000	0.539517	0.003278	0.590550	-0.037387	-0.044385
289	0.010935	-0.021688	-0.268734	1.000000	0.013694	1.000000	-0.039818	-0.037814
290	-0.052168	-0.008304	-0.789088	-0.278714	0.008590	-0.408694	-0.031322	-0.042079
291	-0.013156	-0.025716	-0.494081	-0.911235	-0.076858	-0.930130	-0.027591	-0.029359
292	-0.076239	-0.042922	0.260033	-0.462469	-0.444265	-0.335111	-0.040038	-0.026693
293	-0.013201	-0.014805	0.504519	0.227490	0.516325	0.413181	-0.040330	-0.037426
294	-0.059012	-0.041085	0.638895	0.602477	1.000000	0.677886	-0.040022	-0.034992
295	-0.010853	-0.029856	0.617167	0.646915	-0.390289	0.720133	-0.053427	-0.035370
296	-0.054117	-0.039904	0.519880	0.678911	-0.887795	0.609155	-0.043175	-0.047102
297	-0.032511	-0.033238	0.380489	0.546335	-0.419811	0.478844	-0.039666	-0.040698
298	-0.038699	-0.033913	0.177325	0.409941	0.366216	0.393229	-0.040741	-0.033376
299	-0.020026	-0.041280	0.072079	0.219733	0.601084	0.221935	-0.026987	-0.041566
300	-0.046373	-0.054638	-0.002619	0.096311	0.693267	0.141228	-0.030930	-0.026296
301	-0.024920	-0.044941	-0.030956	0.051074	0.561658	0.092573	-0.035494	-0.030506
302	-0.045673	-0.037585	-0.114052	-0.006382	0.459851	0.044862	-0.028603	-0.043014
303	-0.023758	-0.047033	-0.071242	-0.056529	0.346881	-0.030565	-0.021341	-0.019898
304	-0.048584	-0.025348	-0.115603	-0.051366	0.205418	-0.034138	-0.021013	-0.030310
305	-0.051814	-0.039675	-0.036536	-0.075313	0.096766	-0.046258	-0.020067	-0.014534
306	-0.051612	-0.029890	-0.097086	-0.044029	0.034582	-0.094352	-0.030753	-0.023066
307	-0.041293	-0.024255	-0.118984	-0.100897	-0.010435	-0.069250	-0.025533	-0.029130
308	-0.052703	-0.030331	-0.077404	-0.178443	-0.084786	-0.250492	-0.014067	-0.022584
309	-0.034380	-0.018113	0.010820	-0.071156	-0.055163	-0.133949	-0.015159	-0.007466
310	-0.040243	-0.023436	-0.132120	-0.050217	-0.103043	-0.099704	-0.021660	-0.016633
311	-0.030566	-0.023544	-0.125577	-0.179788	-0.057565	-0.132399	-0.021330	-0.011997
312	-0.023813	-0.020990	-0.123708	-0.178721	-0.094723	-0.141377	-0.021118	-0.021798
313	-0.028467	-0.013989	-0.075950	-0.157292	-0.167378	-0.149420	-0.014233	-0.015664
314	-0.020684	-0.019645	-0.107418	-0.102601	-0.111276	-0.109328	-0.012025	-0.009577
315	-0.020799	-0.011743	-0.109672	-0.125925	-0.052562	-0.024259	-0.014698	-0.015163
316	-0.026351	-0.015325	-0.107180	-0.172608	-0.104337	-0.085171	-0.010243	-0.012384
317	-0.018747	-0.013056	-0.031235	-0.096734	-0.089632	-0.043103	-0.009362	-0.013363
318	-0.017426	-0.007793	-0.008988	-0.070635	-0.133242	-0.029856	-0.022849	-0.016525
319	-0.021522	-0.015156	-0.042739	-0.004844	-0.065532	-0.054094	-0.017510	-0.023579
320	-0.012045	-0.008686	-0.121775	-0.077774	-0.053747	-0.054870	-0.017145	-0.025518
321	-0.017765	-0.011677	-0.056997	-0.135421	-0.074489	-0.048706	-0.012347	-0.013598
322	-0.014808	-0.020342	-0.040413	-0.067707	-0.081320	-0.071593	-0.009337	-0.019277
323	-0.014531	-0.014076	-0.049956	-0.042164	-0.018268	-0.125894	-0.010259	-0.007016
324	-0.017296	-0.024269	-0.106674	-0.056758	-0.083273	-0.169825	-0.020849	-0.012876
325	-0.010618	-0.026247	-0.143497	-0.087345	-0.065035	-0.109949	-0.022965	-0.020067
326	-0.009356	-0.020243	-0.127364	-0.148391	-0.071318	-0.158966	-0.021613	-0.020490
327	-0.016795	-0.016942	-0.109466	-0.106810	-0.050656	-0.114186	-0.012804	-0.018878
328	-0.011578	-0.018084	-0.089864	-0.103620	-0.117127	-0.107419	-0.008955	-0.007097
329	-0.018093	-0.010445	-0.088113	-0.086834	-0.127860	-0.042530	-0.012946	-0.007296
330	-0.021688	-0.023369	-0.075814	-0.101807	-0.127583	-0.121529	-0.020283	-0.014517
331	-0.012860	-0.009616	-0.037814	-0.075666	-0.123468	-0.128295	-0.018872	-0.019505
332	-0.017564	-0.009752	-0.058164	-0.033735	-0.110427	-0.093405	-0.009532	-0.025435
333	-0.016664	-0.005807	-0.072709	-0.054212	-0.044366	-0.096410	-0.012946	-0.006853
334	-0.012764	-0.009701	-0.064608	-0.088564	-0.055857	-0.121770	-0.002942	-0.017354
335	-0.020241	-0.003784	-0.023866	-0.049745	-0.113315	-0.109089	0.004243	-0.000356
336	-0.017972	0.000589	-0.090075	-0.019013	-0.152104	-0.084590	-0.008694	0.004621
337	-0.011966	-0.003658	-0.093158	-0.067108	-0.104348	-0.034481	-0.014345	-0.010270
338	-0.015104	-0.017947	-0.095347	-0.101019	-0.110998	-0.035534	-0.017772	-0.006812
339	-0.012261	-0.015617	-0.118762	-0.063186	-0.142603	-0.044747	0.000680	-0.018739
340	-0.012121	-0.013826	-0.102343	-0.094008	-0.151091	-0.055834	0.006507	0.009757
341	-0.006009	-0.010840	-0.079634	-0.057166	-0.111779	-0.048964	0.005970	0.009659
342	-0.007982	0.007682	-0.083024	-0.047002	-0.068252	-0.056036	-0.001172	0.011317
343	-0.015732	0.000870	-0.064211	-0.044909	-0.046764	-0.066360	-0.008300	0.007562
344	-0.016381	-0.009274	-0.059898	-0.024890	-0.079366	-0.050412	0.003418	-0.007807
345	-0.011659	-0.003360	-0.069180	-0.023108	-0.084072	-0.003921	0.004469	0.010098
346	-0.009405	-0.003222	-0.069168	-0.037388	-0.074975	0.009897	0.003250	0.001763
347	0.009136	0.006496	-0.045182	-0.041011	-0.069811	0.012813	-0.007850	0.006455
348	0.004267	0.006339	-0.057579	-0.036454	-0.074672	-0.028626	-0.022277	-0.009681
349	-0.005741	0.005890	-0.051863	-0.041096	-0.057443	-0.022207	-0.008488	-0.020748
