0.0125	0
0.025	0
0.0375	0
0.05	0
0.0625	0
0.075	0
0.0875	0
0.1	0
0.1125	0
0.125	0
0.1375	0
0.15	0
0.1625	0
0.175	0
0.1875	0
0.2	0
0.2125	0
0.225	0
0.2375	0
0.25	0
0.2625	0
0.275	0
0.2875	0
0.3	0
0.3125	0
0.325	0
0.3375	0
0.35	0
0.3625	0
0.375	0
0.3875	0
0.4	0
0.4125	0
0.425	0
0.4375	0
0.45	0
0.4625	0
0.475	0
0.4875	0
0.5	0
0.5125	0
0.525	0
0.5375	0
0.55	0
0.5625	0
0.575	0
0.5875	0
0.6	0
0.6125	0
0.625	0
0.6375	0
0.65	0
0.6625	0
0.675	0
0.6875	0
0.7	0
0.7125	0
0.725	0
0.7375	0
0.75	0
0.7625	0
0.775	0
0.7875	0
0.8	0
0.8125	0
0.825	0
0.8375	0
0.85	0
0.8625	0
0.875	0
0.8875	0
0.9	0
0.9125	0
0.925	0
0.9375	0
0.95	0
0.9625	0
0.975	0
0.9875	0
1	0
1.0125	0
1.025	0
1.0375	0
1.05	0
1.0625	0
1.075	0
1.0875	0
1.1	0
1.1125	0
1.125	0
1.1375	0
1.15	0
1.1625	0
1.175	0
1.1875	0
1.2	0
1.2125	0
1.225	0
1.2375	0
1.25	0
1.2625	0
1.275	0
1.2875	0
1.3	0
1.3125	0
1.325	0
1.3375	-8.300818496749e-06
1.35	-0.00119370022078987
1.3625	-0.00785290033100539
1.375	-0.0251637486950016
1.3875	-0.06043953415837
1.4	-0.123531058289859
1.4125	-0.188147593352091
1.425	-0.270656586145287
1.4375	-0.354085934138924
1.45	-0.451546142069509
1.4625	-0.538951712292888
1.475	-0.621851527777161
1.4875	-0.702339582946744
1.5	-0.805515486355956
1.5125	-0.949603951327931
1.525	-1.08458415785881
1.5375	-1.17164993325972
1.55	-1.23921442018465
1.5625	-1.3044731848346
1.575	-1.37290045143631
1.5875	-1.43501214590988
1.6	-1.49953255769944
1.6125	-1.57116781111267
1.625	-1.62954816980611
1.6375	-1.6783321566618
1.65	-1.72780435141288
1.6625	-1.76185250957761
1.675	-1.79163013894585
1.6875	-1.83578040744322
1.7	-1.87185808300641
1.7125	-1.91665764644539
1.725	-2.00304467590992
1.7375	-2.11447491369452
1.75	-2.26377766336463
1.7625	-2.4289697103904
1.775	-2.53713271344898
1.7875	-2.6113597261579
1.8	-2.693574737256
1.8125	-2.76616629819541
1.825	-2.82740318563637
1.8375	-2.89794048973558
1.85	-2.96670752918564
1.8625	-3.01681468002521
1.875	-3.06449981140836
1.8875	-3.10809735328011
1.9	-3.15012972356889
1.9125	-3.18242372006284
1.925	-3.21281399373131
1.9375	-3.2479621994761
1.95	-3.30951915284188
1.9625	-3.39868684353173
1.975	-3.49028413332418
1.9875	-3.59351025215341
2	-3.66973922650202
2.0125	-3.75673785119062
2.025	-3.8611647721178
2.0375	-3.96729861147069
2.05	-4.03635298957904
2.0625	-4.12885159626214
2.075	-4.19111248170009
2.0875	-4.27875818183793
2.1	-4.33476114714161
2.1125	-4.40992406754039
2.125	-4.49439126834693
2.1375	-4.56867943661909
2.15	-4.64762999351818
2.1625	-4.71986846070009
2.175	-4.75767814458384
2.1875	-4.80385424690657
2.2	-4.84441918393165
2.2125	-4.91078234961774
2.225	-4.97168987495415
2.2375	-5.04004125722343
2.25	-5.12450111077953
2.2625	-5.18359418860817
2.275	-5.21625269368383
2.2875	-5.24657036286611
2.3	-5.28887348099639
2.3125	-5.33246114945605
2.325	-5.34914890224804
2.3375	-5.35748379386935
2.35	-5.36578901669821
2.3625	-5.37554069006587
2.375	-5.38708726351232
2.3875	-5.40936598380245
2.4	-5.41981829787433
2.4125	-5.42516072054407
2.425	-5.44708093487213
2.4375	-5.47482579595365
2.45	-5.5037131135316
2.4625	-5.52983511534182
2.475	-5.55329546953559
2.4875	-5.58178485016431
2.5	-5.60783942866007
2.5125	-5.64036818592794
2.525	-5.66611647796249
2.5375	-5.67900403843805
2.55	-5.69645691054113
2.5625	-5.70473362851748
2.575	-5.70992957749582
2.5875	-5.71359141316021
2.6	-5.71731798373507
2.6125	-5.72380812218447
2.625	-5.73132492340049
2.6375	-5.74207474262938
2.65	-5.75076616417507
2.6625	-5.75975570024897
2.675	-5.76967367358768
2.6875	-5.77696219809894
2.7	-5.78281660740269
2.7125	-5.78988230091448
2.725	-5.80483759667936
2.7375	-5.82372726616351
2.75	-5.83765681372908
2.7625	-5.84275697893401
2.775	-5.84841734649218
2.7875	-5.85381418729261
2.8	-5.88137059082932
2.8125	-5.91181061568238
2.825	-5.9268775321485
2.8375	-5.94158783245796
2.85	-5.94979676824431
2.8625	-5.95320111031429
2.875	-5.95828738491545
2.8875	-5.96348787187261
2.9	-5.96965115860323
2.9125	-5.98790694410159
2.925	-5.99891189952614
2.9375	-6.01198170592457
2.95	-6.03002398644546
2.9625	-6.04735108226378
2.975	-6.05965714852178
2.9875	-6.07151172774922
3	-6.08396864027689
3.0125	-6.09876439659631
3.025	-6.12022076983117
3.0375	-6.14232913888184
3.05	-6.16470873746081
3.0625	-6.19094413238942
3.075	-6.2086953673488
3.0875	-6.22930016011318
3.1	-6.25363323104197
3.1125	-6.28193555825341
3.125	-6.30198952864332
3.1375	-6.32874603295008
3.15	-6.34356851936596
3.1625	-6.37151696302184
3.175	-6.39176789509277
3.1875	-6.4121490767935
3.2	-6.42922901889552
3.2125	-6.46605598538391
3.225	-6.49058320147315
3.2375	-6.51013284892959
3.25	-6.51843437912141
3.2625	-6.53150298358374
3.275	-6.54144614271281
3.2875	-6.54807979600794
3.3	-6.55756931948103
3.3125	-6.55948791285843
3.325	-6.56042759134964
3.3375	-6.56325286413724
3.35	-6.57144799733034
3.3625	-6.57643713953078
3.375	-6.58013499198632
3.3875	-6.58425594773392
3.4	-6.5881586301503
3.4125	-6.59420289979887
3.425	-6.59928959117396
3.4375	-6.60446935150564
3.45	-6.60946319664111
3.4625	-6.61536801730696
3.475	-6.62564954026247
3.4875	-6.63905356833581
3.5	-6.64488085699164
3.5125	-6.6508648058436
3.525	-6.66560681513239
3.5375	-6.68097203034065
3.55	-6.69579217140304
3.5625	-6.70567249989253
3.575	-6.71722264869485
3.5875	-6.72701000090098
3.6	-6.73977028399371
3.6125	-6.74751434709746
3.625	-6.75619828748772
3.6375	-6.7658013639348
3.65	-6.7755446654048
3.6625	-6.7837362455527
3.675	-6.79482131436836
3.6875	-6.80188923927299
3.7	-6.80584877677433
3.7125	-6.80919198758298
3.725	-6.81065939624885
3.7375	-6.81198659815331
3.75	-6.81191146801189
3.7625	-6.81355583946696
3.775	-6.81668712567521
3.7875	-6.82121576789452
3.8	-6.82285955762684
3.8125	-6.82446215425994
3.825	-6.82658167189159
3.8375	-6.82956918269535
3.85	-6.83243988157195
3.8625	-6.83620811552905
3.875	-6.83740658619811
3.8875	-6.84075588187502
3.9	-6.84508030419204
3.9125	-6.84664728705471
3.925	-6.84833615153499
3.9375	-6.8496296265268
3.95	-6.85353248515622
3.9625	-6.85815940852796
3.975	-6.86490934599681
3.9875	-6.87038355439881
4	-6.87816311603808
4.0125	-6.88864993574333
4.025	-6.89081407002418
4.0375	-6.89496510250014
4.05	-6.89826053907153
4.0625	-6.90250043554772
4.075	-6.90570538276253
4.0875	-6.90673669540283
4.1	-6.90901643591762
4.1125	-6.91040843796015
4.125	-6.91195147414135
4.1375	-6.91482042441066
4.15	-6.91751210110017
4.1625	-6.9196456291493
4.175	-6.92198517282777
4.1875	-6.92473509869838
4.2	-6.92871398718833
4.2125	-6.93571666126277
4.225	-6.93785523704741
4.2375	-6.93964041288625
4.25	-6.94106867631639
4.2625	-6.94290245017845
4.275	-6.94361728935496
4.2875	-6.94658392801096
4.3	-6.95162490664809
4.3125	-6.95449902006698
4.325	-6.95684751082197
4.3375	-6.95815219758836
4.35	-6.9605294868057
4.3625	-6.96131972425161
4.375	-6.96242597770278
4.3875	-6.96354066459569
4.4	-6.96388718807176
4.4125	-6.96608772732548
4.425	-6.96747890977259
4.4375	-6.96942212012713
4.45	-6.97117654497858
4.4625	-6.97496509534459
4.475	-6.97794517626905
4.4875	-6.98058071790189
4.5	-6.98161509759557
4.5125	-6.98388425745629
4.525	-6.98583822444986
4.5375	-6.98811564079094
4.55	-6.99121474699873
4.5625	-6.99773826652148
4.575	-7.00382621279348
4.5875	-7.00628804067095
4.6	-7.01336061104516
4.6125	-7.03387081116876
4.625	-7.05599769327472
4.6375	-7.07299889005848
4.65	-7.08678078754527
4.6625	-7.0927887087251
4.675	-7.10190825000243
4.6875	-7.10982879796003
4.7	-7.12235465482783
4.7125	-7.13407150080609
4.725	-7.14904464296901
4.7375	-7.15668228206328
4.75	-7.16004769604398
4.7625	-7.16271681600187
4.775	-7.16428608576765
4.7875	-7.16498745334827
4.8	-7.1695895262454
4.8125	-7.17750954095405
4.825	-7.18460488643147
4.8375	-7.18931991563723
4.85	-7.2050568048785
4.8625	-7.21800136522869
4.875	-7.23866511902811
4.8875	-7.25772994279775
4.9	-7.28985504655771
4.9125	-7.31955535972969
4.925	-7.33771377936132
4.9375	-7.37105740684758
4.95	-7.3875480051937
4.9625	-7.39985159618312
4.975	-7.42964778423124
4.9875	-7.44187761664568
5	-7.47666081748859
5.0125	-7.49373385198565
5.025	-7.51790761821422
5.0375	-7.53311559008782
5.05	-7.55153425286367
5.0625	-7.57699990729414
5.075	-7.58867063614668
5.0875	-7.61905433161174
5.1	-7.65841614573227
5.1125	-7.68628317324689
5.125	-7.70592642510357
5.1375	-7.72846488561424
5.15	-7.74199290624931
5.1625	-7.75758492850602
5.175	-7.77410171519078
5.1875	-7.78645017802307
5.2	-7.79554988123701
5.2125	-7.80700587944234
5.225	-7.81172523947169
5.2375	-7.82044033196652
5.25	-7.82835623673204
5.2625	-7.84001767630972
5.275	-7.85116922398316
5.2875	-7.85450005896415
5.3	-7.86096628129381
5.3125	-7.86393799838689
5.325	-7.86631815843204
5.3375	-7.87160091053311
5.35	-7.87900850264826
5.3625	-7.88677825098785
5.375	-7.89187389577873
5.3875	-7.90182173686559
5.4	-7.90822567846582
5.4125	-7.91337017352668
5.425	-7.92153398986613
5.4375	-7.92650800941376
5.45	-7.93785361106604
5.4625	-7.95489954490103
5.475	-7.96585772860125
5.4875	-7.97578765550878
5.5	-7.98148963049498
5.5125	-7.98848068028011
5.525	-7.99493141527678
5.5375	-8.00465330823269
5.55	-8.02041829055708
5.5625	-8.03176316749855
5.575	-8.05107589630641
5.5875	-8.06201868786625
5.6	-8.07791219845666
5.6125	-8.08556815266939
5.625	-8.09715116763529
5.6375	-8.1093145360237
5.65	-8.11529610212205
5.6625	-8.12386706580095
5.675	-8.12939689919937
5.6875	-8.13514446344348
5.7	-8.14021266672805
5.7125	-8.15447571584757
5.725	-8.16228763923052
5.7375	-8.16739419976841
5.75	-8.17823796124872
5.7625	-8.18567977574204
5.775	-8.19992170177457
5.7875	-8.21165859348463
5.8	-8.21554096055826
5.8125	-8.21792499013226
5.825	-8.22184040983296
5.8375	-8.22583463404363
5.85	-8.23545289088863
5.8625	-8.24271579659128
5.875	-8.24513376122879
5.8875	-8.25382608031068
5.9	-8.26260916286875
5.9125	-8.2653314770635
5.925	-8.26863575236911
5.9375	-8.2713118552509
5.95	-8.27517594035512
5.9625	-8.27986816536678
5.975	-8.28179954596857
5.9875	-8.28556093246377
6	-8.29305250922964
6.0125	-8.29461527954941
6.025	-8.29641088429595
6.0375	-8.3017613777913
6.05	-8.30832489304363
6.0625	-8.31373364264776
6.075	-8.3205742793324
6.0875	-8.32346819380803
6.1	-8.32400330856907
6.1125	-8.32476112974872
6.125	-8.32694203533288
6.1375	-8.32967459578837
6.15	-8.33347846358567
6.1625	-8.33667740106832
6.175	-8.34566042965138
6.1875	-8.34821369498633
6.2	-8.35740048010647
6.2125	-8.36624966551357
6.225	-8.37279235315568
6.2375	-8.38590502317581
6.25	-8.41959696268578
6.2625	-8.45906656816299
6.275	-8.48169048070596
6.2875	-8.50505125578696
6.3	-8.53567989149578
6.3125	-8.55984756220536
6.325	-8.57934299564229
6.3375	-8.58906907973014
6.35	-8.60259088409367
6.3625	-8.61298356951803
6.375	-8.62196294805392
6.3875	-8.63028633276621
6.4	-8.64953360689456
6.4125	-8.6582860147112
6.425	-8.67276363900698
6.4375	-8.68801145512919
6.45	-8.69823198691907
6.4625	-8.72684922612317
6.475	-8.74470803056598
6.4875	-8.76008663349051
6.5	-8.76726382817038
6.5125	-8.77272129277683
6.525	-8.77516820099252
6.5375	-8.77797408571903
6.55	-8.77838708401421
6.5625	-8.78011239795127
6.575	-8.78410653258407
6.5875	-8.78753422703519
6.6	-8.79180318496611
6.6125	-8.79476159480956
6.625	-8.79774466193852
6.6375	-8.801543172177
6.65	-8.8044124243506
6.6625	-8.80609976437734
6.675	-8.8084543239963
6.6875	-8.80982758098622
6.7	-8.81335170621014
6.7125	-8.81420320658368
6.725	-8.8157623202191
6.7375	-8.81738806127924
6.75	-8.81789785855889
6.7625	-8.81970981056436
6.775	-8.82482887194111
6.7875	-8.82667395848302
6.8	-8.82823010924582
6.8125	-8.8295744475569
6.825	-8.82994539176289
6.8375	-8.83057206047098
6.85	-8.83350776354033
6.8625	-8.8347033677572
6.875	-8.83647662605377
6.8875	-8.83786365688811
6.9	-8.84076346636234
6.9125	-8.84086745899283
6.925	-8.8417655094228
6.9375	-8.84270616784899
6.95	-8.84376296052926
6.9625	-8.84478961461867
6.975	-8.84701814763015
6.9875	-8.84826477614458
7	-8.8492439985707
7.0125	-8.84988682031713
7.025	-8.85059411792413
7.0375	-8.84967335192099
7.05	-8.84874723123637
7.0625	-8.84946677253913
7.075	-8.84870672260425
7.0875	-8.84933136179238
7.1	-8.84931690164469
7.1125	-8.84961672506437
7.125	-8.85024691280071
7.1375	-8.85172060868629
7.15	-8.85294193776144
7.1625	-8.85447711408243
7.175	-8.85706439415386
7.1875	-8.8589105348765
7.2	-8.85967501104102
7.2125	-8.86014496690004
7.225	-8.86092975158965
7.2375	-8.86285316540965
7.25	-8.86398108422672
7.2625	-8.8647758054108
7.275	-8.86602613944453
7.2875	-8.86749998273142
7.3	-8.86888357243699
7.3125	-8.86950598199906
7.325	-8.87050370470284
7.3375	-8.87132563041076
7.35	-8.87281137010017
7.3625	-8.87361398295466
7.375	-8.87406625987787
7.3875	-8.87497231922138
7.4	-8.87590655104089
7.4125	-8.87686462590773
7.425	-8.87781339634312
7.4375	-8.87795523532813
7.45	-8.87821482199219
7.4625	-8.87835162002845
7.475	-8.8789441042012
7.4875	-8.87956306306587
7.5	-8.88120399005033
7.5125	-8.88274468798424
7.525	-8.88400693590435
7.5375	-8.88609798129579
7.55	-8.88847997457585
7.5625	-8.89046540582298
7.575	-8.89222664691901
7.5875	-8.89294629316885
7.6	-8.89468739155043
7.6125	-8.89586517841861
7.625	-8.89648191150976
7.6375	-8.89753828217042
7.65	-8.89819648180641
7.6625	-8.89886198260438
7.675	-8.89974850816639
7.6875	-8.90104347107786
7.7	-8.90218325030131
7.7125	-8.90222102259143
7.725	-8.90279055660466
7.7375	-8.90371876930705
7.75	-8.90452204456213
7.7625	-8.90632113008206
7.775	-8.9072310712473
7.7875	-8.90770847041985
7.8	-8.90780325848324
7.8125	-8.90780655256745
7.825	-8.90912967678939
7.8375	-8.90919485422529
7.85	-8.9094475204375
7.8625	-8.91028511384095
7.875	-8.91243939002128
7.8875	-8.91587296776731
7.9	-8.91793062931167
7.9125	-8.92036153474226
7.925	-8.9250394924856
7.9375	-8.92854146631206
7.95	-8.93018837195058
7.9625	-8.93649819162966
7.975	-8.94016281076705
7.9875	-8.9412708968135
8	-8.94124114296197
8.0125	-8.9449955006812
8.025	-8.94641019280447
8.0375	-8.94851006586943
8.05	-8.95046789557171
8.0625	-8.95182435184958
8.075	-8.95210933369371
8.0875	-8.95310660151319
8.1	-8.95514323661389
8.1125	-8.95843334114016
8.125	-8.95972176085885
8.1375	-8.96170401826474
8.15	-8.96297243376729
8.1625	-8.96903774385098
8.175	-8.98251226760267
8.1875	-8.99562030425706
8.2	-9.0074416550912
8.2125	-9.01327953042734
8.225	-9.01911787379906
8.2375	-9.02883298896972
8.25	-9.03808344973412
8.2625	-9.04795107698206
8.275	-9.05625473831742
8.2875	-9.06389890303719
8.3	-9.07944158591109
8.3125	-9.08883614296692
8.325	-9.09386423473411
8.3375	-9.0966564572059
8.35	-9.10056637649883
8.3625	-9.10374469513328
8.375	-9.10878594194381
8.3875	-9.11209080038919
8.4	-9.11747596346503
8.4125	-9.119807376182
8.425	-9.12142392905345
8.4375	-9.12378900398294
8.45	-9.12669812171639
8.4625	-9.12947181223233
8.475	-9.13074595912187
8.4875	-9.1343301804257
8.5	-9.1386288924356
8.5125	-9.14175197211386
8.525	-9.14324979382822
8.5375	-9.14541880606437
8.55	-9.14920414614181
8.5625	-9.15228339595211
8.575	-9.15315796868881
8.5875	-9.15521054385171
8.6	-9.16185029633822
8.6125	-9.1635934175049
8.625	-9.17393613741544
8.6375	-9.18303641143851
8.65	-9.19119606090086
8.6625	-9.19972673486912
8.675	-9.20884102696935
8.6875	-9.21307597922773
8.7	-9.21705979975209
8.7125	-9.22032912098858
8.725	-9.22331295726761
8.7375	-9.22977410182863
8.75	-9.23568575283066
8.7625	-9.24051181223904
8.775	-9.24250249224787
8.7875	-9.24279705621291
8.8	-9.24346405190426
8.8125	-9.24458992576211
8.825	-9.24766466542016
8.8375	-9.24890536258064
8.85	-9.24989135716698
8.8625	-9.25038401489429
8.875	-9.2517498814984
8.8875	-9.25248804787766
8.9	-9.25527843859779
8.9125	-9.25743825167881
8.925	-9.25856257421346
8.9375	-9.25949874645832
8.95	-9.26157817719047
8.9625	-9.2647574266838
8.975	-9.26699059550109
8.9875	-9.26831485630576
9	-9.26881201373454
9.0125	-9.26894759115076
9.025	-9.27009179405524
9.0375	-9.27120415421548
9.05	-9.27212543015023
9.0625	-9.27512957246568
9.075	-9.28009743637121
9.0875	-9.28490922381088
9.1	-9.29015783127758
9.1125	-9.2923345395668
9.125	-9.29362932090943
9.1375	-9.29549570962901
9.15	-9.29714788026228
9.1625	-9.29957630208921
9.175	-9.30062925855564
9.1875	-9.30446542686866
9.2	-9.30767435625457
9.2125	-9.30984916830013
9.225	-9.31263990450755
9.2375	-9.31685737539964
9.25	-9.3181270336178
9.2625	-9.32118348937986
9.275	-9.328243687232
9.2875	-9.33849959269709
9.3	-9.34403842382055
9.3125	-9.35860714112254
9.325	-9.36771926267792
9.3375	-9.37672646453408
9.35	-9.38116857424743
9.3625	-9.39345911662248
9.375	-9.40015004678376
9.3875	-9.41328007986712
9.4	-9.42526425481329
9.4125	-9.44369627358147
9.425	-9.44979091912239
9.4375	-9.45827993258173
9.45	-9.46044236447141
9.4625	-9.4708352993219
9.475	-9.48090568980381
9.4875	-9.489203856028
9.5	-9.4963926517872
9.5125	-9.5033160774141
9.525	-9.5078247172215
9.5375	-9.51641923622172
9.55	-9.52261526398971
9.5625	-9.52796619724415
9.575	-9.53648327435046
9.5875	-9.54813898054572
9.6	-9.56260649444163
9.6125	-9.57260024240584
9.625	-9.57838175222399
9.6375	-9.58093612918087
9.65	-9.58531620389691
9.6625	-9.59405690160548
9.675	-9.60630006916666
9.6875	-9.612142740804
9.7	-9.62225071743788
9.7125	-9.64018671555788
9.725	-9.65406156150002
9.7375	-9.65781090858537
9.75	-9.66510097082193
9.7625	-9.67303408761724
9.775	-9.68857217664392
9.7875	-9.69767862494644
9.8	-9.70397256227553
9.8125	-9.71257047723227
9.825	-9.71748751800665
9.8375	-9.73672524945394
9.85	-9.75016371843798
9.8625	-9.77273804272468
9.875	-9.78474854002371
9.8875	-9.79401523253406
9.9	-9.81229815316261
9.9125	-9.8233111854147
9.925	-9.83681018714455
9.9375	-9.84382064976498
9.95	-9.85326041617005
9.9625	-9.8622579513242
9.975	-9.86529339874848
9.9875	-9.87222248257914
10	-9.88240748350047
10.0125	-9.8926041251894
10.025	-9.90163209931991
10.0375	-9.91021817019557
10.05	-9.91980583470218
10.0625	-9.9298860846294
10.075	-9.93576855703533
10.0875	-9.9425041278855
10.1	-9.94528035722163
10.1125	-9.95154881845122
10.125	-9.95457954418946
10.1375	-9.95539477846118
10.15	-9.95780380412972
10.1625	-9.96026676506613
10.175	-9.96157790597231
10.1875	-9.96302655495559
10.2	-9.96474719043082
10.2125	-9.96672348018465
10.225	-9.96897971896668
10.2375	-9.97159422531839
10.25	-9.97731862889582
10.2625	-9.98192286679115
10.275	-9.98336471329871
10.2875	-9.98816700960644
10.3	-9.99024041943339
10.3125	-9.99564434525067
10.325	-10.0016588315103
10.3375	-10.0049788951997
10.35	-10.0061824539994
10.3625	-10.0077295714569
10.375	-10.0103338593675
10.3875	-10.013011589668
10.4	-10.014694869873
10.4125	-10.0163067262677
10.425	-10.018838041438
10.4375	-10.0216263662649
10.45	-10.0235002156878
10.4625	-10.026003020286
10.475	-10.0271876719003
10.4875	-10.0284462175749
10.5	-10.0295968079216
10.5125	-10.0308646561755
10.525	-10.0323707071834
10.5375	-10.0336489501599
10.55	-10.0396424674642
10.5625	-10.0424650977353
10.575	-10.0423873073558
10.5875	-10.0429174963359
10.6	-10.0417831036383
10.6125	-10.0421570105021
10.625	-10.0418072558559
10.6375	-10.0424802656881
10.65	-10.0435810497231
10.6625	-10.0445143302231
10.675	-10.0464341554514
10.6875	-10.0470060787375
10.7	-10.0460167538161
10.7125	-10.0459327388449
10.725	-10.0475603148108
10.7375	-10.0491975756749
10.75	-10.0517411105944
10.7625	-10.05641639875
10.775	-10.057061484648
10.7875	-10.0576068001906
10.8	-10.0614672090467
10.8125	-10.0633092407119
10.825	-10.0664450388404
10.8375	-10.0692240031369
10.85	-10.0700702426436
10.8625	-10.0735876677508
10.875	-10.0762889753203
10.8875	-10.0773431548582
10.9	-10.0789116548908
10.9125	-10.0826948618734
10.925	-10.0889136177162
10.9375	-10.101289612374
10.95	-10.1077618602405
10.9625	-10.1135075820956
10.975	-10.1189270737863
10.9875	-10.1268944682086
11	-10.1330143507078
11.0125	-10.1401756138783
11.025	-10.1483608023619
11.0375	-10.1621913309653
11.05	-10.1720594017265
11.0625	-10.1792938854879
11.075	-10.2023423273011
11.0875	-10.2198072865232
11.1	-10.2387146490784
11.1125	-10.2454293709451
11.125	-10.2507552011272
11.1375	-10.2530778468146
11.15	-10.2563406994858
11.1625	-10.2613780784506
11.175	-10.2647239649637
11.1875	-10.2678126534096
11.2	-10.2703079927476
11.2125	-10.2742662233866
11.225	-10.2797210157851
11.2375	-10.2865804267732
11.25	-10.2953299018471
11.2625	-10.2992152416219
11.275	-10.3058478715474
11.2875	-10.3084696093178
11.3	-10.3137321934084
11.3125	-10.3231834153164
11.325	-10.3382451947885
11.3375	-10.3664919097234
11.35	-10.384736885615
11.3625	-10.4048278517778
11.375	-10.4327311766937
11.3875	-10.4582549058356
11.4	-10.4828517286406
11.4125	-10.5021066868908
11.425	-10.5177149184048
11.4375	-10.5333408393412
11.45	-10.5421020954694
11.4625	-10.5560302404052
11.475	-10.5794011753963
11.4875	-10.5978436862912
11.5	-10.6157704913931
11.5125	-10.6286525212092
11.525	-10.6334208931835
11.5375	-10.6423828058585
11.55	-10.6491971344693
11.5625	-10.6555615263283
11.575	-10.6645945618696
11.5875	-10.6684482892787
11.6	-10.672903825804
11.6125	-10.677939182412
11.625	-10.6853568681372
11.6375	-10.697074545005
11.65	-10.7043704954425
11.6625	-10.7088251470954
11.675	-10.7216603818074
11.6875	-10.7543095322326
11.7	-11.0203643131764
11.7125	-11.1861432512576
11.725	-11.2707329946401
11.7375	-11.3047661786914
11.75	-11.6006462209289
11.7625	-11.7261198329342
11.775	-11.8050446543381
11.7875	-11.9889478885667
11.8	-12.1934763455912
11.8125	-12.356914852851
11.825	-12.4338952402305
11.8375	-12.4740836913611
11.85	-12.61967027182
11.8625	-12.7874417703506
11.875	-12.8620950968832
11.8875	-12.8812595818882
11.9	-13.0162223092402
11.9125	-13.1770274273132
11.925	-13.2952263684293
11.9375	-13.4480746284978
11.95	-13.5691774593536
11.9625	-13.6751757415846
11.975	-13.7923367081039
11.9875	-13.8298508273668
12	-13.9018905966346
12.0125	-14.019593369195
12.025	-14.1247794449697
12.0375	-14.1633170705611
12.05	-14.281954320906
12.0625	-14.3308673514838
12.075	-14.4483396487662
12.0875	-14.7406350295359
12.1	-14.9927793347171
12.1125	-15.3083851962565
12.125	-15.6277331958754
12.1375	-15.7735640255561
12.15	-15.9213991961214
12.1625	-16.0757255841594
12.175	-16.2612811191975
12.1875	-16.5092676273692
12.2	-16.6955142865284
12.2125	-16.8381129457965
12.225	-16.8746084425732
12.2375	-17.1074863842203
12.25	-17.2582969979814
12.2625	-17.3073210529728
12.275	-17.4082898703081
12.2875	-17.5097161194974
12.3	-17.6901120533031
12.3125	-17.8250065743096
12.325	-17.890935272358
12.3375	-18.0936662390766
12.35	-18.1461707474582
12.3625	-18.2475880250826
12.375	-18.5908763517593
12.3875	-18.6410834237904
12.4	-18.8850727716698
12.4125	-19.0898926383387
12.425	-19.1251605780157
12.4375	-19.24415164923
12.45	-19.5351525260378
12.4625	-19.6749997071367
12.475	-19.8345490301068
12.4875	-19.9619654406501
12.5	-20.2123930406595
12.5125	-20.3082177034088
12.525	-20.5023372313374
12.5375	-20.6417358772223
12.55	-20.7882714249007
12.5625	-20.8311470028154
12.575	-21.1565678423722
12.5875	-21.2590242307521
12.6	-21.4044710434347
12.6125	-21.4860610601872
12.625	-21.7581691074162
12.6375	-21.8773720187533
12.65	-22.0665640591819
12.6625	-22.1584364989855
12.675	-22.592896864356
12.6875	-22.5126605993126
12.7	-22.5735934738461
12.7125	-22.7457525743248
12.725	-22.7395119199785
12.7375	-22.9149114576632
12.75	-22.7138545159128
12.7625	-22.8726104232021
12.775	-22.9898457507782
12.7875	-22.9881078480044
12.8	-23.0049169044328
12.8125	-22.9037512158113
12.825	-23.0752581290691
12.8375	-23.2360480848986
12.85	-23.1741899320818
12.8625	-23.1732455851167
12.875	-23.2179448721896
12.8875	-23.4141358209837
12.9	-23.4577546494911
12.9125	-23.4882058821654
12.925	-23.5455051289681
12.9375	-23.8000916006442
12.95	-23.8827522554555
12.9625	-24.0234161136959
12.975	-24.1093555567103
12.9875	-24.2252858188944
13	-24.2905937116633
13.0125	-24.3191624636806
13.025	-24.3661903864451
13.0375	-24.433720789443
13.05	-24.5400579775184
13.0625	-24.508077893936
13.075	-24.5311678977203
13.0875	-24.6974110487813
13.1	-24.6250475626301
13.1125	-24.7263791210528
13.125	-24.7211145594577
13.1375	-25.0822526444509
13.15	-25.1262794198949
13.1625	-25.1155255119297
13.175	-25.164508198306
13.1875	-25.2980798719913
13.2	-25.3751521928165
13.2125	-25.3902502563037
13.225	-25.434386969034
13.2375	-25.5240954335165
13.25	-25.5426157376526
13.2625	-25.5460168189499
13.275	-25.6131063666864
13.2875	-25.6249811727178
13.3	-25.6760503732408
13.3125	-25.7100320141547
13.325	-25.73979297355
13.3375	-25.8764099290413
13.35	-25.8392110754597
13.3625	-25.8564991328175
13.375	-25.8631852964717
13.3875	-25.8918032607501
13.4	-25.9455422173918
13.4125	-26.0345526902211
13.425	-26.0811039561142
13.4375	-26.1498836597572
13.45	-26.183691460648
13.4625	-26.3088410205955
13.475	-26.3199454437143
13.4875	-26.3797194979072
13.5	-26.4834697125296
13.5125	-26.5775438458553
13.525	-26.657722552503
13.5375	-26.6608830480189
13.55	-26.7203139778071
13.5625	-26.7574237851053
13.575	-26.7692888820534
13.5875	-26.8262671150519
13.6	-26.8479366337741
13.6125	-26.8846461269252
13.625	-26.9199430463996
13.6375	-26.9414669490442
13.65	-26.9606065401635
13.6625	-27.0257121206869
13.675	-27.0489465477802
13.6875	-27.1354487896658
13.7	-27.1605371778136
13.7125	-27.2052138307181
13.725	-27.2290025108336
13.7375	-27.2228460059908
13.75	-27.2712287256951
13.7625	-27.3008174027797
13.775	-27.2521638416563
13.7875	-27.2074652398134
13.8	-27.1935658172164
13.8125	-27.1128607191155
13.825	-27.0979392821535
13.8375	-27.0010470477094
13.85	-27.0048191718367
13.8625	-26.9730400818266
13.875	-26.9375586815771
13.8875	-26.8968364935194
13.9	-26.923217949923
13.9125	-26.9082806112556
13.925	-26.8638085488522
13.9375	-26.8443286883055
13.95	-26.8196588253717
13.9625	-26.8609385706591
13.975	-26.9513842777654
13.9875	-27.0182995756967
14	-27.1343098794148
14.0125	-27.1681325654158
14.025	-27.2387331323442
14.0375	-27.293426202834
14.05	-27.2943617089263
14.0625	-27.2893802616221
14.075	-27.3175809586133
14.0875	-27.4562630977711
14.1	-27.5509033198787
14.1125	-27.6824725146887
14.125	-27.7482441539729
14.1375	-27.7915542350865
14.15	-27.8202256513635
14.1625	-27.8713209274781
14.175	-27.9321649115341
14.1875	-27.9742132521958
14.2	-27.9980299849871
14.2125	-28.0248497943619
14.225	-28.0546300881373
14.2375	-28.1254925748896
14.25	-28.1464272573292
14.2625	-28.1720494383739
14.275	-28.2761731751748
14.2875	-28.3608938191777
14.3	-28.4931158423794
14.3125	-28.686247254662
14.325	-28.7929203419215
14.3375	-28.8784087792137
14.35	-28.9340532718012
14.3625	-28.9405399449629
14.375	-28.9836293695729
14.3875	-29.0296862792305
14.4	-29.0504796859587
14.4125	-29.0878314992277
14.425	-29.1501861170333
14.4375	-29.1917152861354
14.45	-29.2271342452289
14.4625	-29.2817131128994
14.475	-29.3618703571104
14.4875	-29.3678608021199
14.5	-29.3945436657091
14.5125	-29.4006577419213
14.525	-29.4384563293183
14.5375	-29.4699850064603
14.55	-29.4720926777433
14.5625	-29.4814258000528
14.575	-29.5162322164335
14.5875	-29.5321594436538
14.6	-29.5436201253142
14.6125	-29.5632136786878
14.625	-29.6007985319474
14.6375	-29.6046341937139
14.65	-29.5668198079531
14.6625	-29.5931716707875
14.675	-29.591115744567
14.6875	-29.6388606482763
14.7	-29.6510606774496
14.7125	-29.666924583224
14.725	-29.6790426403919
14.7375	-29.7063659233154
14.75	-29.7078795219803
14.7625	-29.7052877504751
14.775	-29.6959746156009
14.7875	-29.7000638981407
14.8	-29.7395781693848
14.8125	-29.740714086646
14.825	-29.7151319969959
14.8375	-29.8374921487047
14.85	-29.8322696085627
14.8625	-29.7944798756268
14.875	-29.8221058966697
14.8875	-29.8426882433968
14.9	-29.8729428540488
14.9125	-29.908166027679
14.925	-29.9119239150971
14.9375	-29.9057018957536
14.95	-29.9193532865363
14.9625	-29.8471261040071
14.975	-29.8773152265988
14.9875	-29.8813033685419
15	-29.9171489221349
15.0125	-29.9176740769786
15.025	-29.9035248768737
15.0375	-29.9667797513934
15.05	-29.9779598589988
15.0625	-30.0004901248007
15.075	-30.0014306008126
15.0875	-30.0271834678096
15.1	-30.0341736080323
15.1125	-30.0451646360313
15.125	-30.084214098936
15.1375	-30.0760089049636
15.15	-30.0927316217709
15.1625	-30.1033044909935
15.175	-30.1122001721117
15.1875	-30.1261971608377
15.2	-30.1517211497491
15.2125	-30.1885602931796
15.225	-30.215560545255
15.2375	-30.2353138418818
15.25	-30.2445330535296
15.2625	-30.2887326610818
15.275	-30.3387686448384
15.2875	-30.4191313123239
15.3	-30.4708898212327
15.3125	-30.4942648975953
15.325	-30.5116881807284
15.3375	-30.5170547450416
15.35	-30.5800818224749
15.3625	-30.5689668774296
15.375	-30.59186764894
15.3875	-30.6152063667953
15.4	-30.6524627348655
15.4125	-30.6124869569363
15.425	-30.5883859432409
15.4375	-30.6464190030165
15.45	-30.6742037668949
15.4625	-30.6998158848518
15.475	-30.7194022489663
15.4875	-30.6272504878511
15.5	-30.6468001183515
15.5125	-30.522012656857
15.525	-30.53275961354
15.5375	-30.5945803884045
15.55	-30.7168199932475
15.5625	-30.6344696492686
15.575	-30.7311077038481
15.5875	-30.6952926371502
15.6	-30.7016225304016
15.6125	-30.7382009887768
15.625	-30.6975374023738
15.6375	-30.630474697092
15.65	-30.6920136556006
15.6625	-30.705746371336
15.675	-30.5891860983536
15.6875	-30.7172287407994
15.7	-30.6886468184967
15.7125	-30.6669737916943
15.725	-30.5248821044937
15.7375	-30.4331423650847
15.75	-30.4522390417396
15.7625	-30.4493725682479
15.775	-30.4088193350055
15.7875	-30.5646744384912
15.8	-30.8554723788496
15.8125	-30.7646315378794
15.825	-30.693433061741
15.8375	-30.7641222433167
15.85	-30.7848793344571
15.8625	-30.8073671086696
15.875	-30.7947613929355
15.8875	-30.7813656824451
15.9	-30.8327768784787
15.9125	-30.8390394708203
15.925	-30.8412170919427
15.9375	-30.8383509158594
15.95	-30.8371505689913
15.9625	-30.7871520414138
15.975	-30.8088329408554
15.9875	-30.8218133725327
16	-30.8627892202206
16.0125	-30.9164148640685
16.025	-30.9686202550911
16.0375	-31.0157875944373
16.05	-31.0690783210187
16.0625	-31.0665057662948
16.075	-31.0939679484446
16.0875	-31.1219318501133
16.1	-31.1325825494989
16.1125	-31.2033779485418
16.125	-31.2193903281687
16.1375	-31.2353315974073
16.15	-31.2444550642378
16.1625	-31.2659232014391
16.175	-31.337395164922
16.1875	-31.3225815382456
16.2	-31.3423335747703
16.2125	-31.3456097348529
16.225	-31.3334034987215
16.2375	-31.3538515952919
16.25	-31.3752171347565
16.2625	-31.4086587963146
16.275	-31.4481265897859
16.2875	-31.4628652096112
16.3	-31.4802067508212
16.3125	-31.5130660711009
16.325	-31.5929040222871
16.3375	-31.5833786786286
16.35	-31.576976584718
16.3625	-31.5943740249956
16.375	-31.5712389210454
16.3875	-31.6096104850687
16.4	-31.6515217510294
16.4125	-31.6647784875903
16.425	-31.7105351478581
16.4375	-31.7427698622128
16.45	-31.7512096971054
16.4625	-31.7831423411227
16.475	-31.8131190522378
16.4875	-31.9006886486938
16.5	-31.9652105984658
16.5125	-31.9998020474815
16.525	-32.037985676359
16.5375	-32.0548997494272
16.55	-32.2228899925203
16.5625	-32.2830684389886
16.575	-32.3152982215689
16.5875	-32.3577867091181
16.6	-32.4239555246936
16.6125	-32.5343432579329
16.625	-32.6538993324187
16.6375	-32.6975345413079
16.65	-32.7030409807419
16.6625	-32.7570245707777
16.675	-32.931165379503
16.6875	-32.9418658671523
16.7	-33.025836394442
16.7125	-33.1320884316745
16.725	-33.2432949892067
16.7375	-33.257995328808
16.75	-33.2196160973471
16.7625	-33.2307592294991
16.775	-33.1909460592056
16.7875	-33.218478808552
16.8	-33.1781265934005
16.8125	-33.2268285371385
16.825	-33.2369216886206
16.8375	-33.2491056441843
16.85	-33.2337705611768
16.8625	-33.2597183514454
16.875	-33.2850179225379
16.8875	-33.3385275111226
16.9	-33.3084494536091
16.9125	-33.3057764486879
16.925	-33.3157236877864
16.9375	-33.2653108240776
16.95	-33.2442936815184
16.9625	-33.2794379489645
16.975	-33.2349933287698
16.9875	-33.2054437030886
17	-33.2540389626308
17.0125	-33.2364930666982
17.025	-33.2848028493681
17.0375	-33.2590933841713
17.05	-33.2131392161662
17.0625	-33.2532503895768
17.075	-33.2014377298361
17.0875	-33.1518689961746
17.1	-33.0730418924375
17.1125	-33.2035191845124
17.125	-33.172667123801
17.1375	-32.9387431217544
17.15	-32.7073112575845
17.1625	-32.9470192918018
17.175	-32.5224061842963
17.1875	-32.7415426474962
17.2	-32.6927043734005
17.2125	-32.7565799629362
17.225	-32.5611080648593
17.2375	-32.0872001351966
17.25	-31.9390937116898
17.2625	-32.2018650674716
17.275	-32.413034729942
17.2875	-32.4330441468072
17.3	-32.1918294679095
17.3125	-32.0924675987273
17.325	-32.1114914405439
17.3375	-32.0589884423654
17.35	-32.1992806673201
17.3625	-32.3327232257123
17.375	-32.4629138690685
17.3875	-32.6504014103584
17.4	-32.6155952283467
17.4125	-32.6478678384701
17.425	-32.6944797079295
17.4375	-32.7618748572766
17.45	-32.7752480917288
17.4625	-32.879753835633
17.475	-32.8877833009865
17.4875	-32.9482198785714
17.5	-32.9302597885258
17.5125	-32.9057518434858
17.525	-32.9285743082217
17.5375	-32.9378709229028
17.55	-32.8947867126643
17.5625	-32.9969920231214
17.575	-33.0182404217777
17.5875	-33.0728988544463
17.6	-33.0741664955397
17.6125	-33.0325493087586
17.625	-32.9469138694418
17.6375	-32.9657253679573
17.65	-32.9599413144477
17.6625	-32.9527967047777
17.675	-32.9822029864145
17.6875	-33.0517468812965
17.7	-33.0563858522573
17.7125	-33.0897882357102
17.725	-33.128035294718
17.7375	-33.1826102385385
17.75	-33.2680167924459
17.7625	-33.2895595237481
17.775	-33.3893376613189
17.7875	-33.5770535809425
17.8	-33.6305693970181
17.8125	-33.6874134364014
17.825	-33.7497125146302
17.8375	-33.7259634893532
17.85	-33.7911289400305
17.8625	-33.8718272287623
17.875	-33.9063282358939
17.8875	-33.9173242086471
17.9	-33.9326686879461
17.9125	-33.9549907757027
17.925	-33.9537398726324
17.9375	-33.968058069873
17.95	-33.9780748335354
17.9625	-34.0008003716919
17.975	-34.0167246893651
17.9875	-34.0414752325949
18	-34.0947035439667
18.0125	-34.2604674288784
18.025	-34.2898815285688
18.0375	-34.3177555791547
18.05	-34.4042599428066
18.0625	-34.3939057057812
18.075	-34.4551412195338
18.0875	-34.546525601745
18.1	-34.5558724967255
18.1125	-34.5874782788095
18.125	-34.5635657441023
18.1375	-34.5829770352245
18.15	-34.614062716585
18.1625	-34.6260813705955
18.175	-34.6678474245829
18.1875	-34.688510485362
18.2	-34.6495433398141
18.2125	-34.6306823907844
18.225	-34.661735313972
18.2375	-34.6217609164762
18.25	-34.6687030736304
18.2625	-34.5661541796164
18.275	-34.6966306438059
18.2875	-34.865834401758
18.3	-34.8208914056703
18.3125	-34.6870153424671
18.325	-34.5381248823808
18.3375	-34.7020657077019
18.35	-34.6783514696639
18.3625	-34.6682443075409
18.375	-34.5845298508598
18.3875	-34.646463986448
18.4	-34.657861497927
18.4125	-34.6595331797467
18.425	-34.6775503394598
18.4375	-34.733360316051
18.45	-34.6698495711766
18.4625	-34.5739061904173
18.475	-34.7080877734769
18.4875	-34.3508267575733
18.5	-34.3675146497292
18.5125	-34.5651751465222
18.525	-34.3975614439362
18.5375	-34.7130702452784
18.55	-34.5485963879152
18.5625	-34.2394478765933
18.575	-34.7766063634353
18.5875	-34.2685169158079
18.6	-34.5914271598219
18.6125	-34.5474143527551
18.625	-34.5272456129371
18.6375	-34.4255526948404
18.65	-34.8911118272843
18.6625	-34.0953688601888
18.675	-34.5305267241101
18.6875	-34.7335421334896
18.7	-34.5543707161907
18.7125	-34.9641798137824
18.725	-34.7391414063628
18.7375	-34.8305057263943
18.75	-34.8628609408757
18.7625	-34.8320923463552
18.775	-34.9908792539945
18.7875	-34.9663011266227
18.8	-35.0054819306713
18.8125	-34.9304010504993
18.825	-34.9954782718937
18.8375	-35.1798383932297
18.85	-35.1932810731051
18.8625	-35.1441694988664
18.875	-35.1598046181341
18.8875	-35.1381252750421
18.9	-35.026532442014
18.9125	-35.0511581716304
18.925	-35.04927400491
18.9375	-35.0640107604079
18.95	-35.0573681602165
18.9625	-35.0638499399585
18.975	-35.0066186312965
18.9875	-34.9791633125988
19	-34.8534930645052
19.0125	-34.7424461415998
19.025	-34.6506777575302
19.0375	-34.6663633909975
19.05	-34.7058655473352
19.0625	-34.943965836873
19.075	-34.9177875551187
19.0875	-34.8731776087295
19.1	-34.7954327116797
19.1125	-34.7889322567194
19.125	-34.8231195083573
19.1375	-34.8430595830066
19.15	-34.866533201318
19.1625	-34.860171713445
19.175	-34.904039134944
19.1875	-34.8957742346764
19.2	-34.8888366226879
19.2125	-34.87147715884
19.225	-34.8918199425054
19.2375	-34.9667629862459
19.25	-35.0127538533531
19.2625	-35.0175561829231
19.275	-35.109330057085
19.2875	-35.1608984313571
19.3	-35.0411625268374
19.3125	-35.0117107511726
19.325	-35.0229767704733
19.3375	-35.058643704742
19.35	-35.0636550814792
19.3625	-35.0191095815801
19.375	-34.9907725327683
19.3875	-35.0539567073953
19.4	-35.0813745957768
19.4125	-35.0331907201806
19.425	-35.0375777738355
19.4375	-35.0578481058496
19.45	-35.0361640837958
19.4625	-35.0196091993783
19.475	-35.0631747812302
19.4875	-35.1191503654506
19.5	-35.1188876624547
19.5125	-35.1407949173826
19.525	-35.2123561793501
19.5375	-35.2559219555489
19.55	-35.2960671844269
19.5625	-35.2740877713383
19.575	-35.2824072985921
19.5875	-35.3292503679887
19.6	-35.3150900613864
19.6125	-35.4300025230767
19.625	-35.4290074579753
19.6375	-35.4877971223787
19.65	-35.4869913920621
19.6625	-35.4933960782974
19.675	-35.4630193003423
19.6875	-35.5101410471581
19.7	-35.4753747038001
19.7125	-35.4266239493725
19.725	-35.4795534172518
19.7375	-35.4621383658524
19.75	-35.5471458354548
19.7625	-35.4979713197639
19.775	-35.5737121359646
19.7875	-35.6028853361262
19.8	-35.6500569882836
19.8125	-35.6864577742406
19.825	-35.6787861034701
19.8375	-35.6470085601285
19.85	-35.6323329640783
19.8625	-35.632440451191
19.875	-35.5406015581845
19.8875	-35.5530492228222
19.9	-35.4986336689695
19.9125	-35.491576829661
19.925	-35.4109043088893
19.9375	-35.4790336129938
19.95	-35.4868650934473
19.9625	-35.5128726133369
19.975	-35.5481068816668
19.9875	-35.5773721777583
20	-35.7299404049215
20.0125	-35.7428792614328
20.025	-35.7959241983829
20.0375	-35.8539162132769
20.05	-35.8567006895761
20.0625	-35.9794748384586
20.075	-36.0594993694542
20.0875	-36.0681167155666
20.1	-36.0649820819551
20.1125	-36.0781338769606
20.125	-36.0416042877187
20.1375	-36.0344901718379
20.15	-36.0237982229581
20.1625	-36.0099455156168
20.175	-35.9920211718645
20.1875	-35.9943277023439
20.2	-35.9678923534653
20.2125	-35.9439094596367
20.225	-35.9407039670365
20.2375	-35.924846192273
20.25	-35.9355292006909
20.2625	-35.9675894349901
20.275	-36.0190826642579
20.2875	-35.994740610423
20.3	-35.9961292924743
20.3125	-36.0044412301281
20.325	-36.0182188885823
20.3375	-36.0321368659777
20.35	-36.0561622666507
20.3625	-36.0510292695403
20.375	-36.0622491631204
20.3875	-36.0740325655208
20.4	-36.0678103838225
20.4125	-36.069699845531
20.425	-36.0722909086006
20.4375	-36.1090922923174
20.45	-36.0954687070848
20.4625	-36.0829219602337
20.475	-36.0730537754122
20.4875	-36.0727744242288
20.5	-36.050572624868
20.5125	-36.0258890664118
20.525	-36.0593713201912
20.5375	-36.0718867142409
20.55	-36.0638566149288
20.5625	-36.0288890932124
20.575	-36.0015401556422
20.5875	-35.9876802103115
20.6	-35.9918164746153
20.6125	-35.9946543025833
20.625	-35.993469211705
20.6375	-35.9917035404648
20.65	-35.9939845818844
20.6625	-35.995542456402
20.675	-35.9766238273809
20.6875	-35.9771763191997
20.7	-35.9533125573489
20.7125	-35.9395934145244
20.725	-35.9436499211709
20.7375	-35.9489240213421
20.75	-35.9482101369572
20.7625	-35.9421087897846
20.775	-35.9269387596905
20.7875	-35.9550431457436
20.8	-35.93625771707
20.8125	-35.888968809248
20.825	-35.9179018078773
20.8375	-35.9162091455572
20.85	-35.9032339653746
20.8625	-35.8959650399602
20.875	-35.8928141423514
20.8875	-35.8905611302994
20.9	-35.8971776216512
20.9125	-35.9077341303297
20.925	-35.9161492571629
20.9375	-35.9344989345143
20.95	-35.945098788192
20.9625	-35.954742363898
20.975	-35.9924653178415
20.9875	-36.0018762500242
21	-36.0097893563762
21.0125	-36.0365867672639
21.025	-36.0525093306189
21.0375	-36.0837760255241
21.05	-36.0913679587713
21.0625	-36.0833382855769
21.075	-36.043804340027
21.0875	-36.0337059777853
21.1	-36.023267847244
21.1125	-36.0117491311519
21.125	-36.0158249335046
21.1375	-36.03822560155
21.15	-36.0449944996248
21.1625	-36.0624236039593
21.175	-36.0763107775394
21.1875	-36.1021825354504
21.2	-36.1123668894093
21.2125	-36.1189794336036
21.225	-36.1186308759799
21.2375	-36.1245622902082
21.25	-36.1353466295479
21.2625	-36.1475459225025
21.275	-36.1595245743662
21.2875	-36.1557277029136
21.3	-36.1594797235664
21.3125	-36.1630495179635
21.325	-36.1651449706232
21.3375	-36.1817345027809
21.35	-36.1948730137389
21.3625	-36.2082540021405
21.375	-36.2110776372309
21.3875	-36.2145274117938
21.4	-36.2014623432534
21.4125	-36.2032205545796
21.425	-36.2009928064437
21.4375	-36.2065023871528
21.45	-36.2008465567655
21.4625	-36.1950059427235
21.475	-36.1915911013988
21.4875	-36.1869901566524
21.5	-36.1792073475039
21.5125	-36.1822802235331
21.525	-36.1799498855298
21.5375	-36.181446138267
21.55	-36.1785977742242
21.5625	-36.1722908690366
21.575	-36.1720873739329
21.5875	-36.1797434995096
21.6	-36.1759213680699
21.6125	-36.1639560060769
21.625	-36.1647820546263
21.6375	-36.1578984478825
21.65	-36.1598268505546
21.6625	-36.1668999004769
21.675	-36.1653898265527
21.6875	-36.171275688415
21.7	-36.1633845056267
21.7125	-36.1664979334631
21.725	-36.1283230375054
21.7375	-36.1031721990328
21.75	-36.1106752975884
21.7625	-36.1319916502177
21.775	-36.0952042120165
21.7875	-36.0956739377713
21.8	-36.1005862371842
21.8125	-36.0966116444585
21.825	-36.0911147905432
21.8375	-36.0901835455418
21.85	-36.0879309075785
21.8625	-36.0788280081524
21.875	-36.079270578555
21.8875	-36.0764715263666
21.9	-36.0687861160679
21.9125	-36.0630375070217
21.925	-36.065548530739
21.9375	-36.0627106835218
21.95	-36.0622740462767
21.9625	-36.0593611449381
21.975	-36.0594238518707
21.9875	-36.0641161122088
22	-36.0675593658527
22.0125	-36.0705931903906
22.025	-36.0708553367356
22.0375	-36.0674637133302
22.05	-36.0677005577131
22.0625	-36.0702773639905
22.075	-36.0668155055715
22.0875	-36.0643288795901
22.1	-36.0625091063723
22.1125	-36.0577562763321
22.125	-36.0557024242536
22.1375	-36.0538975569843
22.15	-36.0554830778451
22.1625	-36.0635413065927
22.175	-36.0593983129616
22.1875	-36.0471406765757
22.2	-36.0425681097822
22.2125	-36.0403470049089
22.225	-36.0439115230711
22.2375	-36.0370391327531
22.25	-36.0386699597054
22.2625	-36.0448303874544
22.275	-36.0537730972475
22.2875	-36.0649510192296
22.3	-36.0698581916675
22.3125	-36.0824151973396
22.325	-36.0843004567168
22.3375	-36.0817467371918
22.35	-36.0739403052301
22.3625	-36.0691284410517
22.375	-36.0637765528068
22.3875	-36.0605848191851
22.4	-36.0603574736173
22.4125	-36.0537716809266
22.425	-36.0623008014307
22.4375	-36.0637049462733
22.45	-36.0623955456587
22.4625	-36.0648212155295
22.475	-36.0548656603513
22.4875	-36.0611088096364
22.5	-36.0801108457194
22.5125	-36.0779265906184
22.525	-36.0780093544107
22.5375	-36.083880608146
22.55	-36.1099933984859
22.5625	-36.1223852773265
22.575	-36.1221347377046
22.5875	-36.1301134154801
22.6	-36.1288200269993
22.6125	-36.1359308118263
22.625	-36.1422512183671
22.6375	-36.1527240560955
22.65	-36.1624129116604
22.6625	-36.1567965110736
22.675	-36.1436815485182
22.6875	-36.1308942027877
22.7	-36.1228833142202
22.7125	-36.109810173778
22.725	-36.1123895333434
22.7375	-36.1190242794267
22.75	-36.1355631628541
22.7625	-36.1479715676948
22.775	-36.1498332741303
22.7875	-36.1498727217064
22.8	-36.1630514527138
22.8125	-36.1596251467081
22.825	-36.161255847469
22.8375	-36.1615841716519
22.85	-36.1544753464322
22.8625	-36.1557844137937
22.875	-36.1505932795706
22.8875	-36.1514021660327
22.9	-36.1576108654665
22.9125	-36.1608130456656
22.925	-36.1642092463859
22.9375	-36.138317182892
22.95	-36.1333035394454
22.9625	-36.1336938857277
22.975	-36.150186755274
22.9875	-36.146413603667
23	-36.1456578157441
23.0125	-36.1383356720622
23.025	-36.1413741087917
23.0375	-36.1406182064177
23.05	-36.1590273911901
23.0625	-36.1708347531828
23.075	-36.1789993187193
23.0875	-36.1748773348901
23.1	-36.1804894690901
23.1125	-36.1854893579442
23.125	-36.1899595213957
23.1375	-36.1967838682593
23.15	-36.1958952818027
23.1625	-36.1982240268967
23.175	-36.2025873982508
23.1875	-36.2276014045725
23.2	-36.2255305971421
23.2125	-36.2268979345999
23.225	-36.2321029781676
23.2375	-36.2345470166941
23.25	-36.2354093952449
23.2625	-36.2226757486082
23.275	-36.2254943551008
23.2875	-36.21646367437
23.3	-36.2135562355975
23.3125	-36.2294975221346
23.325	-36.2215420994915
23.3375	-36.2302124785819
23.35	-36.2279888635642
23.3625	-36.2478568617181
23.375	-36.2408828395732
23.3875	-36.251165095142
23.4	-36.2379681629621
23.4125	-36.2318712830143
23.425	-36.2213481441773
23.4375	-36.2156499572784
23.45	-36.2226769423614
23.4625	-36.2129234989525
23.475	-36.2192655675248
23.4875	-36.2289029072516
23.5	-36.2465337157565
23.5125	-36.2584980473054
23.525	-36.2581511725405
23.5375	-36.2769614697987
23.55	-36.26908406394
23.5625	-36.2521140728238
23.575	-36.2399931470837
23.5875	-36.2289548733177
23.6	-36.2275306059804
23.6125	-36.2304278468639
23.625	-36.2393568155089
23.6375	-36.2364033778032
23.65	-36.2296595212635
23.6625	-36.2354320558245
23.675	-36.2439269677463
23.6875	-36.2480112922797
23.7	-36.2583377140976
23.7125	-36.2687938475312
23.725	-36.2707481878823
23.7375	-36.2580327536716
23.75	-36.2484832624976
23.7625	-36.2488823820685
23.775	-36.256860520076
23.7875	-36.2695645126856
23.8	-36.2878691145612
23.8125	-36.2869100268733
23.825	-36.282194420842
23.8375	-36.2801792275062
23.85	-36.280993149545
23.8625	-36.283391340438
23.875	-36.2847064928542
23.8875	-36.2827244726106
23.9	-36.2835415436179
23.9125	-36.288703351267
23.925	-36.293055121803
23.9375	-36.2948703388199
23.95	-36.2940925773447
23.9625	-36.2872085621762
23.975	-36.2830181632332
23.9875	-36.2762937196366
24	-36.2703640992758
24.0125	-36.2653038451831
24.025	-36.2808032983151
24.0375	-36.2732298132132
24.05	-36.2606368240922
24.0625	-36.259375472974
24.075	-36.2835424967983
24.0875	-36.2711389467358
24.1	-36.2658478143253
24.1125	-36.2585088795359
24.125	-36.2468098129052
24.1375	-36.2460897722449
24.15	-36.2437218953703
24.1625	-36.2551396373055
24.175	-36.2649537995468
24.1875	-36.258227915018
24.2	-36.2598303067787
24.2125	-36.2429393144853
24.225	-36.2297145121868
24.2375	-36.2256488720949
24.25	-36.1980263523203
24.2625	-36.2155930037875
24.275	-36.2118453997471
24.2875	-36.2219790969888
24.3	-36.2429775110105
24.3125	-36.2352707419781
24.325	-36.2192663287768
24.3375	-36.2038643787049
24.35	-36.2005185382422
24.3625	-36.1940309621418
24.375	-36.1933118331099
24.3875	-36.1784919434578
24.4	-36.1706417841223
24.4125	-36.1648599557723
24.425	-36.1682856156181
24.4375	-36.1575767072473
24.45	-36.153697422354
24.4625	-36.1475954484479
24.475	-36.1322034805531
24.4875	-36.1251977534473
24.5	-36.1066880482941
24.5125	-36.0883502421383
24.525	-36.0969654646456
24.5375	-36.1031411171864
24.55	-36.1021991995051
24.5625	-36.099455764053
24.575	-36.1229197866247
24.5875	-36.1203462051282
24.6	-36.1203462051282
24.6125	-36.1203462051282
24.625	-36.1203462051282
24.6375	-36.1203462051282
24.65	-36.1203462051282
24.6625	-36.1203462051282
24.675	-36.1203462051282
24.6875	-36.1203462051282
24.7	-36.1203462051282
24.7125	-36.1203462051282
24.725	-36.1203462051282
24.7375	-36.1203462051282
24.75	-36.1203462051282
24.7625	-36.1203462051282
24.775	-36.1203462051282
24.7875	-36.1203462051282
24.8	-36.1203462051282
24.8125	-36.1203462051282
24.825	-36.1203462051282
24.8375	-36.1203462051282
24.85	-36.1203462051282
24.8625	-36.1203462051282
24.875	-36.1203462051282
24.8875	-36.1203462051282
24.9	-36.1203462051282
24.9125	-36.1203462051282
24.925	-36.1203462051282
24.9375	-36.1203462051282
24.95	-36.1203462051282
24.9625	-36.1203462051282
24.975	-36.1203462051282
24.9875	-36.1203462051282
25	-36.1203462051282
25.0125	-36.1203462051282
25.025	-36.1203462051282
25.0375	-36.1203462051282
25.05	-36.1203462051282
25.0625	-36.1203462051282
25.075	-36.1203462051282
25.0875	-36.1203462051282
25.1	-36.1203462051282
25.1125	-36.1203462051282
25.125	-36.1203462051282
25.1375	-36.1203462051282
25.15	-36.1203462051282
25.1625	-36.1203462051282
25.175	-36.1203462051282
25.1875	-36.1203462051282
25.2	-36.1203462051282
25.2125	-36.1203462051282
25.225	-36.1203462051282
25.2375	-36.1203462051282
25.25	-36.1203462051282
25.2625	-36.1203462051282
25.275	-36.1203462051282
25.2875	-36.1203462051282
25.3	-36.1203462051282
25.3125	-36.1203462051282
25.325	-36.1203462051282
25.3375	-36.1203462051282
25.35	-36.1203462051282
25.3625	-36.1203462051282
25.375	-36.1203462051282
25.3875	-36.1203462051282
25.4	-36.1203462051282
25.4125	-36.1203462051282
25.425	-36.1203462051282
25.4375	-36.1203462051282
25.45	-36.1203462051282
25.4625	-36.1203462051282
25.475	-36.1203462051282
25.4875	-36.1203462051282
25.5	-36.1203462051282
25.5125	-36.1203462051282
25.525	-36.1203462051282
25.5375	-36.1203462051282
25.55	-36.1203462051282
25.5625	-36.1203462051282
25.575	-36.1203462051282
25.5875	-36.1203462051282
25.6	-36.1203462051282
25.6125	-36.1203462051282
25.625	-36.1203462051282
25.6375	-36.1203462051282
25.65	-36.1203462051282
25.6625	-36.1203462051282
25.675	-36.1203462051282
25.6875	-36.1203462051282
25.7	-36.1203462051282
25.7125	-36.1203462051282
25.725	-36.1203462051282
25.7375	-36.1203462051282
25.75	-36.1203462051282
25.7625	-36.1203462051282
25.775	-36.1203462051282
25.7875	-36.1203462051282
25.8	-36.1203462051282
25.8125	-36.1203462051282
25.825	-36.1203462051282
25.8375	-36.1203462051282
25.85	-36.1203462051282
25.8625	-36.1203462051282
25.875	-36.1203462051282
25.8875	-36.1203462051282
25.9	-36.1203868861117
25.9125	-36.1211827467047
25.925	-36.1226383462436
25.9375	-36.1236020648753
25.95	-36.1239522521436
25.9625	-36.1243081909639
25.975	-36.1265638296061
25.9875	-36.1280515508921
26	-36.1215938108907
26.0125	-36.1173518944169
26.025	-36.1067648425484
26.0375	-36.1045178103567
26.05	-36.1285962769258
26.0625	-36.1612503937192
26.075	-36.1704205998603
26.0875	-36.1687484356826
26.1	-36.1818533771613
26.1125	-36.1949704751176
26.125	-36.1947376685867
26.1375	-36.1979026078223
26.15	-36.2132899233075
26.1625	-36.2234618001108
26.175	-36.2493165180064
26.1875	-36.2604525759688
26.2	-36.2799559931033
26.2125	-36.2869180726872
26.225	-36.2866268572226
26.2375	-36.2686533357866
26.25	-36.3045293146675
26.2625	-36.3337294640013
26.275	-36.353147332706
26.2875	-36.367271418667
26.3	-36.3707472686544
26.3125	-36.3670035024389
26.325	-36.3808035192012
26.3375	-36.4112609193423
26.35	-36.4278478954488
26.3625	-36.4382526199491
26.375	-36.4630782701186
26.3875	-36.464340572222
26.4	-36.4887646921768
26.4125	-36.4859331075147
26.425	-36.4757555781002
26.4375	-36.4992412353855
26.45	-36.5104027807424
26.4625	-36.5098639330754
26.475	-36.4938534741556
26.4875	-36.5218622882176
26.5	-36.5418274290849
26.5125	-36.5504204165758
26.525	-36.5626448011903
26.5375	-36.5760901525408
26.55	-36.613859120793
26.5625	-36.6380417394263
26.575	-36.6470981311443
26.5875	-36.6499543400169
26.6	-36.6365324627582
26.6125	-36.6401950536193
26.625	-36.6462969817769
26.6375	-36.6726506093308
26.65	-36.6951210012691
26.6625	-36.7234519080797
26.675	-36.7224842492366
26.6875	-36.7335393666556
26.7	-36.742323942313
26.7125	-36.7604838599657
26.725	-36.7646783652754
26.7375	-36.8147577600061
26.75	-36.8403344907207
26.7625	-36.8262333683179
26.775	-36.7956587082828
26.7875	-36.7704642954391
26.8	-36.7275834144232
26.8125	-36.7173118597673
26.825	-36.7145290173015
26.8375	-36.7202493446077
26.85	-36.7544921563257
26.8625	-36.7323801927491
26.875	-36.7389396391082
26.8875	-36.7548023927646
26.9	-36.7553920921248
26.9125	-36.7644276934994
26.925	-36.7569304233575
26.9375	-36.7394491209634
26.95	-36.7576691668903
26.9625	-36.7652840974989
26.975	-36.7272701026799
26.9875	-36.6676648677404
27	-36.6420715522008
27.0125	-36.6226451146934
27.025	-36.6284056774702
27.0375	-36.6410026741968
27.05	-36.6676541821992
27.0625	-36.6762829183234
27.075	-36.6432198435561
27.0875	-36.6248290721334
27.1	-36.6045615261234
27.1125	-36.6137823293464
27.125	-36.611161260085
27.1375	-36.5899881508798
27.15	-36.595889741231
27.1625	-36.5982149565206
27.175	-36.5938878469
27.1875	-36.5839639422399
27.2	-36.5744552858149
27.2125	-36.5452258818921
27.225	-36.5955517812672
27.2375	-36.568824912946
27.25	-36.5653155634206
27.2625	-36.5427710688898
27.275	-36.5405818506863
27.2875	-36.5376006052221
27.3	-36.537579883204
27.3125	-36.5286038336232
27.325	-36.5601737789229
27.3375	-36.59327257006
27.35	-36.6086623218834
27.3625	-36.6039828076889
27.375	-36.6260736786447
27.3875	-36.6474525642254
27.4	-36.6430903535929
27.4125	-36.6460233896546
27.425	-36.678516008442
27.4375	-36.69542816036
27.45	-36.6812574841139
27.4625	-36.68531636551
27.475	-36.6129945676986
27.4875	-36.6045520483173
27.5	-36.5888388138386
27.5125	-36.6312857587938
27.525	-36.6373247344141
27.5375	-36.6276684804004
27.55	-36.6357897127149
27.5625	-36.6355560712473
27.575	-36.6507573575628
27.5875	-36.6520771059771
27.6	-36.642391727553
27.6125	-36.6187384538224
27.625	-36.6305475713165
27.6375	-36.6396838792799
27.65	-36.6189310508794
27.6625	-36.5987897000764
27.675	-36.6655406213573
27.6875	-36.6889395112021
27.7	-36.7001281558053
27.7125	-36.7531584578834
27.725	-36.773136969273
27.7375	-36.7975284119326
27.75	-36.9402104351987
27.7625	-37.0707403970829
27.775	-37.0669712018006
27.7875	-37.1278893584594
27.8	-37.326981331523
27.8125	-37.3791172605903
27.825	-37.4297353293654
27.8375	-37.4930112394404
27.85	-37.4278365740538
27.8625	-37.3169985562837
27.875	-37.3452419745887
27.8875	-37.3505949768013
27.9	-37.378749773531
27.9125	-37.497492786106
27.925	-37.4678241309784
27.9375	-37.5067013272725
27.95	-37.5296254961832
27.9625	-37.5240394622493
27.975	-37.4552349482263
27.9875	-37.4007168979184
28	-37.354489510494
28.0125	-37.276734055922
28.025	-37.3384062306497
28.0375	-37.4597083200524
28.05	-37.5619228341886
28.0625	-37.6056560271069
28.075	-37.6891924341307
28.0875	-37.6999446799109
28.1	-37.7126771885616
28.1125	-37.6874071294848
28.125	-37.7337844383828
28.1375	-37.7806147366414
28.15	-37.7342413697322
28.1625	-37.7174720257187
28.175	-37.6900666345741
28.1875	-37.7727478864013
28.2	-37.8398308217798
28.2125	-37.8422658865475
28.225	-37.7951386573193
28.2375	-37.768040611915
28.25	-37.7344494018828
28.2625	-37.7583440140184
28.275	-37.758514227371
28.2875	-37.6968771613845
28.3	-37.6641638283678
28.3125	-37.5963644325844
28.325	-37.5956874213977
28.3375	-37.6143468982694
28.35	-37.6551879631029
28.3625	-37.6324253766367
28.375	-37.635469632737
28.3875	-37.6486423913329
28.4	-37.6690480047084
28.4125	-37.6375429891857
28.425	-37.7150825780854
28.4375	-37.6883550763194
28.45	-37.6246832408159
28.4625	-37.4773617508603
28.475	-37.5818081356526
28.4875	-37.4951902634063
28.5	-37.4999379863027
28.5125	-37.5236596250902
28.525	-37.4419192962791
28.5375	-37.5121941269734
28.55	-37.5740430347979
28.5625	-37.5560576064183
28.575	-37.4296906426521
28.5875	-37.4705109471639
28.6	-37.444892256564
28.6125	-37.4210293646915
28.625	-37.4132654152911
28.6375	-37.3890650956362
28.65	-37.440532205178
28.6625	-37.5178967848026
28.675	-37.4912444895576
28.6875	-37.4761583934967
28.7	-37.4784329367242
28.7125	-37.4934609982406
28.725	-37.5027300198168
28.7375	-37.5049462813994
28.75	-37.5582560553146
28.7625	-37.490430924416
28.775	-37.4515571774633
28.7875	-37.5077916751768
28.8	-37.5118479782726
28.8125	-37.5276751796292
28.825	-37.5432243773104
28.8375	-37.551587645032
28.85	-37.5544183142754
28.8625	-37.449865046974
28.875	-37.5630196017162
28.8875	-37.4856179156949
28.9	-37.2700462835429
28.9125	-37.5114632424952
28.925	-37.2631077883244
28.9375	-37.3329504722956
28.95	-37.2652376060191
28.9625	-37.2477440295906
28.975	-37.3047643894858
28.9875	-37.3614611257381
29	-37.2471310265707
29.0125	-37.2765489266644
29.025	-37.5383381577695
29.0375	-37.5755962158451
29.05	-37.6399845075106
29.0625	-37.6644226730759
29.075	-37.6196406603553
29.0875	-37.6181663759341
29.1	-37.6138631622987
29.1125	-37.642643803866
29.125	-37.6157074995249
29.1375	-37.6350753818402
29.15	-37.6492462860088
29.1625	-37.6369467759172
29.175	-37.6413956830985
29.1875	-37.7293726942359
29.2	-37.7448498934298
29.2125	-37.7246066889136
29.225	-37.7083677960909
29.2375	-37.7090523043344
29.25	-37.6656454529875
29.2625	-37.5946921475342
29.275	-37.6271367066944
29.2875	-37.6413650208089
29.3	-37.5920341033161
29.3125	-37.6316822425893
29.325	-37.5691974737488
29.3375	-37.5418364991209
29.35	-37.5079035598484
29.3625	-37.5139766574095
29.375	-37.4778777983024
29.3875	-37.4688529310727
29.4	-37.4949476369237
29.4125	-37.505279481196
29.425	-37.5547852985914
29.4375	-37.5390908195562
29.45	-37.6090847352461
29.4625	-37.5788397379697
29.475	-37.5687886507397
29.4875	-37.4605989140795
29.5	-37.4749765264241
29.5125	-37.5195976797268
29.525	-37.5662955237611
29.5375	-37.6509483167479
29.55	-37.7004284899104
29.5625	-37.6855314202006
29.575	-37.6535493849307
29.5875	-37.5970421952342
29.6	-37.6944073182061
29.6125	-37.7292716536594
29.625	-37.8316560410081
29.6375	-37.8778382757453
29.65	-37.9175821141322
29.6625	-37.8612020364174
29.675	-37.6797571969635
29.6875	-37.3798725633679
29.7	-37.2608576148173
29.7125	-37.0498099598516
29.725	-37.1130173258465
29.7375	-37.2842916568533
29.75	-37.3566855463713
29.7625	-37.087261305169
29.775	-36.9154571274612
29.7875	-36.8311078356352
29.8	-36.6600655246415
29.8125	-36.8286666104294
29.825	-36.8640591350327
29.8375	-36.8040539339073
29.85	-36.8861399293382
29.8625	-36.866605736813
29.875	-36.7067840419724
29.8875	-36.5832053666253
29.9	-36.6000997305044
29.9125	-36.6459873815453
29.925	-36.6279327201564
29.9375	-36.6518845702006
29.95	-36.5814523588289
29.9625	-36.6256360533961
29.975	-36.6478427373152
29.9875	-36.7821091147264
30	-36.7805283918095
