0.0125	0
0.025	0
0.0375	0
0.05	0
0.0625	0
0.075	0
0.0875	0
0.1	0
0.1125	0
0.125	0
0.1375	0
0.15	0
0.1625	0
0.175	0
0.1875	0
0.2	0
0.2125	0
0.225	0
0.2375	0
0.25	0
0.2625	0
0.275	0
0.2875	0
0.3	0
0.3125	0
0.325	0
0.3375	0
0.35	0
0.3625	0
0.375	0
0.3875	0
0.4	0
0.4125	0
0.425	0
0.4375	0
0.45	0
0.4625	0
0.475	0
0.4875	0
0.5	0
0.5125	0
0.525	0
0.5375	0
0.55	0
0.5625	0
0.575	0
0.5875	0
0.6	0
0.6125	0
0.625	0
0.6375	0
0.65	0
0.6625	0
0.675	0
0.6875	0
0.7	0
0.7125	0
0.725	0
0.7375	0
0.75	0
0.7625	0
0.775	0
0.7875	0
0.8	0
0.8125	0
0.825	0
0.8375	0
0.85	0
0.8625	0
0.875	0
0.8875	0
0.9	0
0.9125	0
0.925	0
0.9375	0
0.95	0
0.9625	0
0.975	0
0.9875	0
1	0
1.0125	0
1.025	0
1.0375	0
1.05	0
1.0625	0
1.075	0
1.0875	0
1.1	0
1.1125	0
1.125	0
1.1375	0
1.15	0
1.1625	0
1.175	0
1.1875	0
1.2	0
1.2125	0
1.225	0
1.2375	0
1.25	0
1.2625	0
1.275	0
1.2875	0
1.3	0
1.3125	0
1.325	0
1.3375	-8.81190471075406e-06
1.35	-0.00130770038416203
1.3625	-0.00839112502778944
1.375	-0.0263368173091369
1.3875	-0.0638234004930095
1.4	-0.130328708801733
1.4125	-0.197188891481842
1.425	-0.28475954643461
1.4375	-0.373949688801689
1.45	-0.479955662301647
1.4625	-0.571690700829552
1.475	-0.666915066608318
1.4875	-0.752940611967337
1.5	-0.86948368443697
1.5125	-1.02769284740029
1.525	-1.17851085626925
1.5375	-1.27318035372647
1.55	-1.35100923246629
1.5625	-1.42481751722336
1.575	-1.49699671297982
1.5875	-1.56096417436849
1.6	-1.63321973617186
1.6125	-1.71318363792382
1.625	-1.77562605959943
1.6375	-1.83059360666052
1.65	-1.88214691521013
1.6625	-1.92014864731191
1.675	-1.95257301913777
1.6875	-1.99808159342062
1.7	-2.03669733812127
1.7125	-2.08395443304354
1.725	-2.17814759092337
1.7375	-2.30102887707407
1.75	-2.46287548580741
1.7625	-2.64172181865191
1.775	-2.76286894308006
1.7875	-2.84376019157716
1.8	-2.92562454522392
1.8125	-3.00471361519046
1.825	-3.07118735642296
1.8375	-3.1409322273163
1.85	-3.21100310700789
1.8625	-3.26435371964766
1.875	-3.3131768333703
1.8875	-3.35903575028773
1.9	-3.40175822042909
1.9125	-3.43425674480374
1.925	-3.46544352119813
1.9375	-3.50246209967727
1.95	-3.56654290315515
1.9625	-3.66453292273671
1.975	-3.76803740550834
1.9875	-3.89024144911454
2	-3.97454499476886
2.0125	-4.07377365922402
2.025	-4.18835172695504
2.0375	-4.31330089107959
2.05	-4.388746333726
2.0625	-4.4857945738067
2.075	-4.5566966596783
2.0875	-4.64740149147765
2.1	-4.71096434871598
2.1125	-4.79458285284744
2.125	-4.87767536350648
2.1375	-4.95355667534793
2.15	-5.03300503608401
2.1625	-5.10654217905091
2.175	-5.14746695616129
2.1875	-5.20079024036232
2.2	-5.24471336175309
2.2125	-5.32186961556677
2.225	-5.39110099666104
2.2375	-5.47455250337795
2.25	-5.57075439234076
2.2625	-5.63684303260015
2.275	-5.67628886828241
2.2875	-5.71192381436588
2.3	-5.75804572567537
2.3125	-5.80318666128195
2.325	-5.82004846659863
2.3375	-5.82871382478732
2.35	-5.83679793101597
2.3625	-5.84662089534136
2.375	-5.85924736946065
2.3875	-5.88210980257974
2.4	-5.89233031176693
2.4125	-5.89796746352846
2.425	-5.92131217621477
2.4375	-5.94933089552123
2.45	-5.97678723018548
2.4625	-6.00354314134241
2.475	-6.02797565998577
2.4875	-6.05792017803388
2.5	-6.08456138214633
2.5125	-6.11793226408004
2.525	-6.14345138843627
2.5375	-6.15655960883705
2.55	-6.17556393404605
2.5625	-6.18657148885491
2.575	-6.19477433016273
2.5875	-6.1996909455463
2.6	-6.20304037415155
2.6125	-6.20894859307762
2.625	-6.21553414883435
2.6375	-6.22497559264845
2.65	-6.23294834762305
2.6625	-6.24079382374896
2.675	-6.25008031431333
2.6875	-6.25692595579896
2.7	-6.26284900368027
2.7125	-6.27053305338129
2.725	-6.28644416952547
2.7375	-6.30731406976717
2.75	-6.32317338317275
2.7625	-6.32953483067046
2.775	-6.33744877247321
2.7875	-6.34486991465387
2.8	-6.3747791840555
2.8125	-6.40779782537855
2.825	-6.42374453422325
2.8375	-6.43929856335899
2.85	-6.44704883922999
2.8625	-6.45080275328942
2.875	-6.45601308942515
2.8875	-6.46145075402378
2.9	-6.46783470573564
2.9125	-6.48578337598542
2.925	-6.49644475322184
2.9375	-6.51007283209057
2.95	-6.52878130468946
2.9625	-6.54760994380733
2.975	-6.56077497362141
2.9875	-6.57445329399926
3	-6.58891581176151
3.0125	-6.60454120980177
3.025	-6.6263775535697
3.0375	-6.64911468034666
3.05	-6.67139782966483
3.0625	-6.69684973782007
3.075	-6.71361380069666
3.0875	-6.73294933045424
3.1	-6.75668280616493
3.1125	-6.7845171975656
3.125	-6.80362542573214
3.1375	-6.82879243405911
3.15	-6.84401661537678
3.1625	-6.87055942354044
3.175	-6.89034074548189
3.1875	-6.91205737102314
3.2	-6.93289271718188
3.2125	-6.97164293701964
3.225	-6.9993150300095
3.2375	-7.02158547974568
3.25	-7.03389742637409
3.2625	-7.04852806280769
3.275	-7.05936062681303
3.2875	-7.0660679639566
3.3	-7.07587676304384
3.3125	-7.07821034495601
3.325	-7.07961822484566
3.3375	-7.08269814175713
3.35	-7.09044075403588
3.3625	-7.09522417267859
3.375	-7.09961963431825
3.3875	-7.10381400066886
3.4	-7.10783112112448
3.4125	-7.11395276945436
3.425	-7.11937297515847
3.4375	-7.12534909182363
3.45	-7.13088371700887
3.4625	-7.13784955448685
3.475	-7.14887885944289
3.4875	-7.16313481999067
3.5	-7.16947243060215
3.5125	-7.17542086961979
3.525	-7.19034934820837
3.5375	-7.20572681706776
3.55	-7.22067132353982
3.5625	-7.23070210923661
3.575	-7.24325170535428
3.5875	-7.25377611418061
3.6	-7.26730209263164
3.6125	-7.2762248045804
3.625	-7.28568444467025
3.6375	-7.29531252110882
3.65	-7.30422165230453
3.6625	-7.3122452092031
3.675	-7.32302760563709
3.6875	-7.33027465295095
3.7	-7.33478713513858
3.7125	-7.33883095934141
3.725	-7.34100862437328
3.7375	-7.34256012210051
3.75	-7.34282916862833
3.7625	-7.34453686277357
3.775	-7.3476145024449
3.7875	-7.352189074877
3.8	-7.35402021711332
3.8125	-7.35588429973477
3.825	-7.35814606300179
3.8375	-7.36126269285448
3.85	-7.36416903113686
3.8625	-7.36806494009437
3.875	-7.36978339267056
3.8875	-7.37357274384893
3.9	-7.37781326043838
3.9125	-7.37972030634868
3.925	-7.38167590601479
3.9375	-7.38309354537802
3.95	-7.38708908316788
3.9625	-7.39185889459315
3.975	-7.39870721520579
3.9875	-7.404201171872
4	-7.41234391689336
4.0125	-7.42257354951484
4.025	-7.42537681813254
4.0375	-7.42966068601639
4.05	-7.43308242864618
4.0625	-7.43711102739275
4.075	-7.44028910898026
4.0875	-7.44133375011896
4.1	-7.44349073635163
4.1125	-7.44492166518771
4.125	-7.44646844879324
4.1375	-7.44927858417078
4.15	-7.45210926867531
4.1625	-7.45424300654611
4.175	-7.45658199760609
4.1875	-7.4592778359063
4.2	-7.46319999407843
4.2125	-7.46986422745943
4.225	-7.4719720706431
4.2375	-7.47360033736997
4.25	-7.47501825219261
4.2625	-7.47685463610629
4.275	-7.47745113698716
4.2875	-7.48035169301148
4.3	-7.48522305595716
4.3125	-7.4881238087118
4.325	-7.49059422228626
4.3375	-7.49204844508957
4.35	-7.49440647375801
4.3625	-7.49525549756551
4.375	-7.49645021425858
4.3875	-7.49758636650845
4.4	-7.4978713473983
4.4125	-7.50002231940986
4.425	-7.50151533695593
4.4375	-7.50350654383139
4.45	-7.50529510320434
4.4625	-7.50907548329201
4.475	-7.51220585560428
4.4875	-7.51536341589943
4.5	-7.51672716012299
4.5125	-7.51909444124155
4.525	-7.52122774103442
4.5375	-7.52355185073305
4.55	-7.52695393436491
4.5625	-7.53329532398353
4.575	-7.53907052423844
4.5875	-7.54200575830396
4.6	-7.54893092728664
4.6125	-7.56876564886247
4.625	-7.58916806705635
4.6375	-7.60509650842145
4.65	-7.61803927887817
4.6625	-7.62362031696433
4.675	-7.63188354629895
4.6875	-7.63909216940766
4.7	-7.65094744856686
4.7125	-7.66255886984811
4.725	-7.67637965576131
4.7375	-7.68383004421439
4.75	-7.68734464188079
4.7625	-7.69029144817962
4.775	-7.69247447367991
4.7875	-7.69405390195766
4.8	-7.69990095593385
4.8125	-7.70863971528262
4.825	-7.71577033902588
4.8375	-7.72025755481236
4.85	-7.73544661219524
4.8625	-7.74785023923975
4.875	-7.7676433492112
4.8875	-7.78858783057208
4.9	-7.81965729888531
4.9125	-7.84788593117235
4.925	-7.8652530606677
4.9375	-7.89944402171861
4.95	-7.91890216656071
4.9625	-7.93255391964001
4.975	-7.96463885632191
4.9875	-7.97753204689448
5	-8.01256834240505
5.0125	-8.02918527346976
5.025	-8.05381295796378
5.0375	-8.0680508545942
5.05	-8.08790329803695
5.0625	-8.11840525533632
5.075	-8.1301872991991
5.0875	-8.15873101036479
5.1	-8.19609598658137
5.1125	-8.22174594281423
5.125	-8.23958389899783
5.1375	-8.26084585932162
5.15	-8.27377570811895
5.1625	-8.28946191106861
5.175	-8.30493012363734
5.1875	-8.3171538697142
5.2	-8.3260267394532
5.2125	-8.3374967385241
5.225	-8.34286343247189
5.2375	-8.35136381660367
5.25	-8.35928208159574
5.2625	-8.37018412949168
5.275	-8.38044559996903
5.2875	-8.38361170315931
5.3	-8.38957629991283
5.3125	-8.39305354938692
5.325	-8.39630352086923
5.3375	-8.40197138149582
5.35	-8.4090435974165
5.3625	-8.41730877215
5.375	-8.42337190792805
5.3875	-8.43399030408366
5.4	-8.44055730863572
5.4125	-8.44519796375234
5.425	-8.45374097404882
5.4375	-8.45854609479656
5.45	-8.47029727739584
5.4625	-8.48682858120923
5.475	-8.49699037897936
5.4875	-8.50635891763904
5.5	-8.51179188018795
5.5125	-8.51886659302747
5.525	-8.52520682824446
5.5375	-8.53427330596668
5.55	-8.54944531667653
5.5625	-8.560953635783
5.575	-8.58039507856377
5.5875	-8.59151890906239
5.6	-8.60727738327731
5.6125	-8.61480189873048
5.625	-8.62657641053644
5.6375	-8.63820379236621
5.65	-8.64410409903918
5.6625	-8.65290891972927
5.675	-8.65820614186281
5.6875	-8.66346004344847
5.7	-8.66878348516636
5.7125	-8.68359993508687
5.725	-8.69194653113199
5.7375	-8.69751816425801
5.75	-8.70840379009107
5.7625	-8.71574121043442
5.775	-8.72948626140649
5.7875	-8.74072413474815
5.8	-8.74492913170074
5.8125	-8.74723341231493
5.825	-8.75082419689015
5.8375	-8.75451213927227
5.85	-8.76341868960483
5.8625	-8.77050085444587
5.875	-8.77328030227994
5.8875	-8.78245023657843
5.9	-8.79096456792602
5.9125	-8.79354160839723
5.925	-8.7966473598648
5.9375	-8.79921655187501
5.95	-8.80272797713627
5.9625	-8.80702471853558
5.975	-8.80911495890198
5.9875	-8.8133907539034
6	-8.82057132008914
6.0125	-8.82225013916642
6.025	-8.82398736136055
6.0375	-8.82899057721365
6.05	-8.83530195756805
6.0625	-8.84059868017248
6.075	-8.8477211084023
6.0875	-8.85070003256612
6.1	-8.8511553347212
6.1125	-8.8518351331165
6.125	-8.85360583849957
6.1375	-8.85618422009667
6.15	-8.85960521700824
6.1625	-8.86273489231913
6.175	-8.87148266156512
6.1875	-8.87476374007514
6.2	-8.88400374603082
6.2125	-8.89281591917382
6.225	-8.89971928143685
6.2375	-8.91261395930704
6.25	-8.94643545928152
6.2625	-8.98679666464379
6.275	-9.00988274045097
6.2875	-9.03378359138197
6.3	-9.06362230254393
6.3125	-9.0880725453102
6.325	-9.10990209046463
6.3375	-9.12072851645805
6.35	-9.13660476012285
6.3625	-9.14735590454399
6.375	-9.15692986515149
6.3875	-9.1653638227008
6.4	-9.18609656701136
6.4125	-9.19532923947831
6.425	-9.21104245925708
6.4375	-9.22619641035473
6.45	-9.23683235418158
6.4625	-9.26715518296201
6.475	-9.28524761996206
6.4875	-9.30111344641774
6.5	-9.30944360707037
6.5125	-9.31600023307458
6.525	-9.31905789696079
6.5375	-9.32208694510508
6.55	-9.32259435647761
6.5625	-9.32445589399178
6.575	-9.32831716336663
6.5875	-9.33175577692435
6.6	-9.33615574384971
6.6125	-9.3389306282812
6.625	-9.34203588711434
6.6375	-9.34597727574609
6.65	-9.34906820434403
6.6625	-9.35096945626575
6.675	-9.35339541809848
6.6875	-9.35475834793703
6.7	-9.35813008228111
6.7125	-9.35899788276926
6.725	-9.36058404525818
6.7375	-9.36222115953996
6.75	-9.36267932456718
6.7625	-9.36434216172219
6.775	-9.36942652808318
6.7875	-9.37120204028203
6.8	-9.37285938929312
6.8125	-9.37442222815275
6.825	-9.37507066078488
6.8375	-9.37591470367943
6.85	-9.37882237853804
6.8625	-9.38014544425772
6.875	-9.38217367719287
6.8875	-9.38380798586279
6.9	-9.38680919588624
6.9125	-9.38707934446697
6.925	-9.38804005873491
6.9375	-9.38912099039738
6.95	-9.39046914793073
6.9625	-9.39142394358408
6.975	-9.39353599394717
6.9875	-9.39506971130966
7	-9.39606647669871
7.0125	-9.39686723958351
7.025	-9.39759871414821
7.0375	-9.39684649533476
7.05	-9.39599954791647
7.0625	-9.3966213676023
7.075	-9.39594269411495
7.0875	-9.39648041809824
7.1	-9.39643585501623
7.1125	-9.39669690132397
7.125	-9.3972711297424
7.1375	-9.39866367443079
7.15	-9.39996575687415
7.1625	-9.40140634474963
7.175	-9.40385426905225
7.1875	-9.4056456951791
7.2	-9.40642842299235
7.2125	-9.40678526360789
7.225	-9.4077045945125
7.2375	-9.40953077934957
7.25	-9.41072520805072
7.2625	-9.41153555888172
7.275	-9.41281122836113
7.2875	-9.41418656565642
7.3	-9.41561247347913
7.3125	-9.41624259586712
7.325	-9.41724976583597
7.3375	-9.41806235096941
7.35	-9.41955970257076
7.3625	-9.42037887913853
7.375	-9.42081015676904
7.3875	-9.42163212748367
7.4	-9.42255284058949
7.4125	-9.42348799123169
7.425	-9.42442629866477
7.4375	-9.4245639929031
7.45	-9.42478421115357
7.4625	-9.42490344204405
7.475	-9.42555540138159
7.4875	-9.4261276139568
7.5	-9.42782184311831
7.5125	-9.4294657838661
7.525	-9.43058493754961
7.5375	-9.43277476056479
7.55	-9.43527462007985
7.5625	-9.43718615695048
7.575	-9.43888710709309
7.5875	-9.43962745699679
7.6	-9.44138060626669
7.6125	-9.44250938737087
7.625	-9.44322548209941
7.6375	-9.44419713503512
7.65	-9.44482963984075
7.6625	-9.44553922306932
7.675	-9.44647149536931
7.6875	-9.4478116467147
7.7	-9.4488443760742
7.7125	-9.44893036967642
7.725	-9.44940548816664
7.7375	-9.45022494080548
7.75	-9.45101190511409
7.7625	-9.45261509050482
7.775	-9.45344765566654
7.7875	-9.45397189442509
7.8	-9.45402029632352
7.8125	-9.45403407080645
7.825	-9.45513726553907
7.8375	-9.45521093240064
7.85	-9.45551140454029
7.8625	-9.45630870975223
7.875	-9.45843750051773
7.8875	-9.46182246833016
7.9	-9.4641489548213
7.9125	-9.4668183883395
7.925	-9.47136344046575
7.9375	-9.47485163870805
7.95	-9.47664949729554
7.9625	-9.48294934356732
7.975	-9.48687403212557
7.9875	-9.48820992195916
8	-9.48824143014193
8.0125	-9.49172530699541
8.025	-9.49319406805312
8.0375	-9.4952828010602
8.05	-9.49728793826947
8.0625	-9.49872396078798
8.075	-9.4990274045793
8.0875	-9.50005279092466
8.1	-9.50197966241391
8.1125	-9.50502046815171
8.125	-9.50621550713429
8.1375	-9.50802201566936
8.15	-9.50907129075785
8.1625	-9.51492982098189
8.175	-9.52754595193718
8.1875	-9.53999164799914
8.2	-9.55110974058723
8.2125	-9.55727654422844
8.225	-9.56309746911341
8.2375	-9.57275182516579
8.25	-9.58163021280398
8.2625	-9.59107678911969
8.275	-9.59882048643939
8.2875	-9.60606757301956
8.3	-9.62141804136482
8.3125	-9.63053837982271
8.325	-9.63554063196484
8.3375	-9.63840271538836
8.35	-9.64209640361545
8.3625	-9.64520215950109
8.375	-9.64995685818599
8.3875	-9.65318678406468
8.4	-9.65832847393206
8.4125	-9.6607355562366
8.425	-9.6625910028
8.4375	-9.66516413275592
8.45	-9.66812705693182
8.4625	-9.67089026566755
8.475	-9.67222867652456
8.4875	-9.67577130943382
8.5	-9.67991331261147
8.5125	-9.68290782875991
8.525	-9.68436574489948
8.5375	-9.68623923244122
8.55	-9.68978200016865
8.5625	-9.69271255571662
8.575	-9.69356857951998
8.5875	-9.69560969467835
8.6	-9.70182074414151
8.6125	-9.70380933948634
8.625	-9.71348745307007
8.6375	-9.72266898702895
8.65	-9.73071003322258
8.6625	-9.73908058592689
8.675	-9.74827312709085
8.6875	-9.7524706964518
8.7	-9.75623753552317
8.7125	-9.75950373960366
8.725	-9.76236276715316
8.7375	-9.76871431218548
8.75	-9.77474683330271
8.7625	-9.77953599475985
8.775	-9.78164229400496
8.7875	-9.78203001136011
8.8	-9.78284208547607
8.8125	-9.78403463798907
8.825	-9.78686676719588
8.8375	-9.78817187431672
8.85	-9.78900213705644
8.8625	-9.78924767423716
8.875	-9.79041210291278
8.8875	-9.79112231828978
8.9	-9.79379577292378
8.9125	-9.79583147170996
8.925	-9.79686881027462
8.9375	-9.79799880981526
8.95	-9.80046670819632
8.9625	-9.80366660561471
8.975	-9.80579980634916
8.9875	-9.80715396589668
9	-9.80756952019275
9.0125	-9.80775025024166
9.025	-9.80875189127839
9.0375	-9.80986238495275
9.05	-9.8108459501919
9.0625	-9.81377157955361
9.075	-9.81867772471248
9.0875	-9.82344709212
9.1	-9.82850197119677
9.1125	-9.83087014209441
9.125	-9.83194930277106
9.1375	-9.83355797654046
9.15	-9.83485947524543
9.1625	-9.83709811713888
9.175	-9.83793219901541
9.1875	-9.84145606241798
9.2	-9.84458970877058
9.2125	-9.84694596110182
9.225	-9.84984763900602
9.2375	-9.85390004051447
9.25	-9.85535059461854
9.2625	-9.85881394517407
9.275	-9.86554628965059
9.2875	-9.87632624044271
9.3	-9.88355120510948
9.3125	-9.90266180493718
9.325	-9.91243868022362
9.3375	-9.92138835895739
9.35	-9.92554593575214
9.3625	-9.93681260149222
9.375	-9.94295842471273
9.3875	-9.95601888763611
9.4	-9.96849335289023
9.4125	-9.98718851341366
9.425	-9.99308923808947
9.4375	-10.0012861354078
9.45	-10.0042580226758
9.4625	-10.0172951240845
9.475	-10.0302247010882
9.4875	-10.0397818111195
9.5	-10.0497860460229
9.5125	-10.0578878170971
9.525	-10.0629488540643
9.5375	-10.0716767079046
9.55	-10.0795952363952
9.5625	-10.0863775431899
9.575	-10.0945301261058
9.5875	-10.1082737122277
9.6	-10.1262265457248
9.6125	-10.1370704357344
9.625	-10.1435068394152
9.6375	-10.1466442100376
9.65	-10.1511531594853
9.6625	-10.1592464947871
9.675	-10.1707537755504
9.6875	-10.1764031258839
9.7	-10.1867573658021
9.7125	-10.2050399594367
9.725	-10.2188092241593
9.7375	-10.2226051249377
9.75	-10.2303161172764
9.7625	-10.2390757451816
9.775	-10.2547784554827
9.7875	-10.2639634155817
9.8	-10.2710149716224
9.8125	-10.280543473946
9.825	-10.2854390109866
9.8375	-10.305529104037
9.85	-10.3205832287834
9.8625	-10.3449159602986
9.875	-10.3589660634368
9.8875	-10.3697616376801
9.9	-10.3889404609733
9.9125	-10.4009203871755
9.925	-10.4156783782449
9.9375	-10.4226150956698
9.95	-10.4322152471827
9.9625	-10.4414906869575
9.975	-10.4442928078333
9.9875	-10.4511906991453
10	-10.4611448570517
10.0125	-10.4715611502175
10.025	-10.4806542395558
10.0375	-10.489222332475
10.05	-10.4988951184217
10.0625	-10.5091533755061
10.075	-10.5152658377103
10.0875	-10.522218657237
10.1	-10.5252440853429
10.1125	-10.5319562586992
10.125	-10.5351194080295
10.1375	-10.5363982839955
10.15	-10.5389819126601
10.1625	-10.5419019026009
10.175	-10.5437972357464
10.1875	-10.5458413826115
10.2	-10.5478560756636
10.2125	-10.5502069816256
10.225	-10.5532349064128
10.2375	-10.5564744071664
10.25	-10.562804577734
10.2625	-10.5681105550315
10.275	-10.5700112555126
10.2875	-10.5755179250441
10.3	-10.5778686931277
10.3125	-10.5837468489982
10.325	-10.5898602728384
10.3375	-10.5933359240834
10.35	-10.5948032806516
10.3625	-10.5965882543824
10.375	-10.5992643064564
10.3875	-10.6019306900932
10.4	-10.6037178385863
10.4125	-10.6054301802334
10.425	-10.6080520446798
10.4375	-10.610830626437
10.45	-10.6127629221332
10.4625	-10.6153202618115
10.475	-10.6166624812039
10.4875	-10.6178891632079
10.5	-10.6191293467777
10.5125	-10.620311094487
10.525	-10.6217865424048
10.5375	-10.6229857859527
10.55	-10.6285362813914
10.5625	-10.6313493655207
10.575	-10.6314199129369
10.5875	-10.6319852708124
10.6	-10.6311075512627
10.6125	-10.6314176869209
10.625	-10.6312501169886
10.6375	-10.6319529538075
10.65	-10.6330090959165
10.6625	-10.6340204159105
10.675	-10.6358911752506
10.6875	-10.6366321084122
10.7	-10.6357970137483
10.7125	-10.6357263538234
10.725	-10.6372332494522
10.7375	-10.6388328644566
10.75	-10.6416397938132
10.7625	-10.6462569970954
10.775	-10.6470554927548
10.7875	-10.6475028170096
10.8	-10.6512592176365
10.8125	-10.6530868372763
10.825	-10.6561146287219
10.8375	-10.6588269126651
10.85	-10.6598843600633
10.8625	-10.6633925404826
10.875	-10.666096194929
10.8875	-10.6673098692345
10.9	-10.6689321293306
10.9125	-10.6727651161314
10.925	-10.6789464480813
10.9375	-10.6933003963106
10.95	-10.7018172383666
10.9625	-10.7086081261289
10.975	-10.7152063514333
10.9875	-10.7236655960321
11	-10.7301277924497
11.0125	-10.7385965412312
11.025	-10.7483639794166
11.0375	-10.7635583369289
11.05	-10.7739749952034
11.0625	-10.7821563494605
11.075	-10.8097334070416
11.0875	-10.8314003744577
11.1	-10.8520260041528
11.1125	-10.8608090022133
11.125	-10.8664392938057
11.1375	-10.8688260704111
11.15	-10.8724912295504
11.1625	-10.8777310744788
11.175	-10.8814233545458
11.1875	-10.8846825011864
11.2	-10.887201501741
11.2125	-10.8912679858983
11.225	-10.8966173048613
11.2375	-10.9036406775275
11.25	-10.9131542977778
11.2625	-10.9176495663196
11.275	-10.9250373999091
11.2875	-10.928148226422
11.3	-10.9337353009795
11.3125	-10.9441907936045
11.325	-10.9610586405559
11.3375	-10.9921298759663
11.35	-11.0140708590749
11.3625	-11.0363383578353
11.375	-11.0664675988208
11.3875	-11.0947497102962
11.4	-11.1215067640971
11.4125	-11.1435106923603
11.425	-11.1607635750554
11.4375	-11.178272429276
11.45	-11.1898105668045
11.4625	-11.2067052449168
11.475	-11.2344452219099
11.4875	-11.2554991367349
11.5	-11.2745772223326
11.5125	-11.2889000201029
11.525	-11.2945290089364
11.5375	-11.3044901452215
11.55	-11.3120790392448
11.5625	-11.3184072607195
11.575	-11.3277561247848
11.5875	-11.3317595073135
11.6	-11.3359488051458
11.6125	-11.3415884510294
11.625	-11.34893842854
11.6375	-11.3620456701787
11.65	-11.3703878052023
11.6625	-11.3759252386928
11.675	-11.3921250516346
11.6875	-11.4236200083845
11.7	-11.6899347736438
11.7125	-11.8507574376944
11.725	-11.9348633748867
11.7375	-11.9732849232982
11.75	-12.2563575318086
11.7625	-12.3856111907404
11.775	-12.472306532337
11.7875	-12.6518472118385
11.8	-12.854337832568
11.8125	-13.0133670951774
11.825	-13.0882422268576
11.8375	-13.126271596781
11.85	-13.2768915325251
11.8625	-13.4402734643971
11.875	-13.5133758840036
11.8875	-13.540159923655
11.9	-13.6760938439111
11.9125	-13.8412463520393
11.925	-13.9759018449987
11.9375	-14.1269244487209
11.95	-14.2449688437555
11.9625	-14.3656382904127
11.975	-14.499500212971
11.9875	-14.54209625453
12	-14.6181500475536
12.0125	-14.7356556665696
12.025	-14.8513792425715
12.0375	-14.8897102023908
12.05	-15.0099992153967
12.0625	-15.0630655957948
12.075	-15.1755005112727
12.0875	-15.4646041223052
12.1	-15.7055722707847
12.1125	-16.0207105458565
12.125	-16.3259427696111
12.1375	-16.4649084568755
12.15	-16.6068886640731
12.1625	-16.7554872480398
12.175	-16.9446028032075
12.1875	-17.1877169810548
12.2	-17.3671964813077
12.2125	-17.5067979873126
12.225	-17.5476244968461
12.2375	-17.7770979412461
12.25	-17.9302236392913
12.2625	-17.9775258389418
12.275	-18.0839838619756
12.2875	-18.1877495044167
12.3	-18.3667291577152
12.3125	-18.5062602541814
12.325	-18.5701783417965
12.3375	-18.7696720707726
12.35	-18.8240339317841
12.3625	-18.9249094615632
12.375	-19.2548801820825
12.3875	-19.306983263738
12.4	-19.5428206558758
12.4125	-19.7426202028238
12.425	-19.7787213182879
12.4375	-19.8926205679065
12.45	-20.1771870302919
12.4625	-20.3081734054423
12.475	-20.4604039007944
12.4875	-20.5802081143934
12.5	-20.8186556702409
12.5125	-20.90894956811
12.525	-21.092736465611
12.5375	-21.2214927452141
12.55	-21.3582145527418
12.5625	-21.4017286530907
12.575	-21.7138468290446
12.5875	-21.8132848757811
12.6	-21.9562085558243
12.6125	-22.0344831870873
12.625	-22.2959895804682
12.6375	-22.4068699842796
12.65	-22.5848910322598
12.6625	-22.6736282281413
12.675	-23.0793555530354
12.6875	-23.0020357249811
12.7	-23.061444203255
12.7125	-23.2168643653927
12.725	-23.211087287963
12.7375	-23.3733509718706
12.75	-23.1856008953419
12.7625	-23.3334624333081
12.775	-23.4437390196215
12.7875	-23.4449339994933
12.8	-23.4598691505777
12.8125	-23.3697831829139
12.825	-23.5299656592058
12.8375	-23.6813536871878
12.85	-23.6262362299771
12.8625	-23.627433872872
12.875	-23.6738440563346
12.8875	-23.8612154843182
12.9	-23.903208452496
12.9125	-23.9300998727819
12.925	-23.9823811382872
12.9375	-24.2293814675327
12.95	-24.3082666280164
12.9625	-24.439889511857
12.975	-24.5186765419034
12.9875	-24.6273512722648
13	-24.692129795448
13.0125	-24.7192751084886
13.025	-24.7625945403754
13.0375	-24.8281727996254
13.05	-24.9280614661258
13.0625	-24.9018358433508
13.075	-24.9241304909198
13.0875	-25.0784704878996
13.1	-25.0157400717276
13.1125	-25.1146490306275
13.125	-25.1204758326151
13.1375	-25.4604106046935
13.15	-25.5187238821325
13.1625	-25.5090769270591
13.175	-25.5584409008868
13.1875	-25.6823344490019
13.2	-25.7587687000706
13.2125	-25.7760169925596
13.225	-25.8174233826214
13.2375	-25.900072918003
13.25	-25.9194466426036
13.2625	-25.9284793089291
13.275	-25.9909443402056
13.2875	-26.0035116908251
13.3	-26.0532482415612
13.3125	-26.0867206136633
13.325	-26.1180622647697
13.3375	-26.2455710502217
13.35	-26.2113908686535
13.3625	-26.2282053653111
13.375	-26.2346180012696
13.3875	-26.2640024746105
13.4	-26.3130248037462
13.4125	-26.4000671056326
13.425	-26.4492344761838
13.4375	-26.5138993170787
13.45	-26.5520583218725
13.4625	-26.672535140519
13.475	-26.6869358049821
13.4875	-26.7446215096908
13.5	-26.8443885348772
13.5125	-26.9375610351707
13.525	-27.0172760361988
13.5375	-27.0226984636312
13.55	-27.0796140120951
13.5625	-27.11589627543
13.575	-27.1293517171145
13.5875	-27.1815446417126
13.6	-27.2041297648791
13.6125	-27.2372176029341
13.625	-27.2701718522708
13.6375	-27.2908634704369
13.65	-27.3092510425337
13.6625	-27.3675228663515
13.675	-27.39034677339
13.6875	-27.4696113879409
13.7	-27.4954316768017
13.7125	-27.538121010944
13.725	-27.558858246681
13.7375	-27.557244232112
13.75	-27.608098706621
13.7625	-27.640541733648
13.775	-27.6042022194733
13.7875	-27.5680077135655
13.8	-27.5546523147469
13.8125	-27.4843008738199
13.825	-27.4705283080307
13.8375	-27.3856910252409
13.85	-27.3897021179589
13.8625	-27.3633986179985
13.875	-27.3355562206396
13.8875	-27.3040280480919
13.9	-27.3368386718946
13.9125	-27.3324158198377
13.925	-27.2982551736857
13.9375	-27.2861645164058
13.95	-27.2696580562719
13.9625	-27.3177340082064
13.975	-27.4163200676974
13.9875	-27.4895460771585
14	-27.6098890800087
14.0125	-27.6476770561611
14.025	-27.7162595242289
14.0375	-27.7740381848842
14.05	-27.7780282326554
14.0625	-27.7778260975163
14.075	-27.8053022916211
14.0875	-27.9399908517787
14.1	-28.0435888276813
14.1125	-28.1720395188272
14.125	-28.2356674450537
14.1375	-28.2794306518009
14.15	-28.3075376832348
14.1625	-28.3587160203346
14.175	-28.4303760781309
14.1875	-28.4855448261537
14.2	-28.5148482608692
14.2125	-28.5402535259325
14.225	-28.5689101893433
14.2375	-28.6403866502358
14.25	-28.6645544866521
14.2625	-28.6903791353886
14.275	-28.7963449189855
14.2875	-28.8814371098742
14.3	-29.0101974871848
14.3125	-29.1950967017836
14.325	-29.2994354231039
14.3375	-29.383364190232
14.35	-29.4374450732735
14.3625	-29.4462578007015
14.375	-29.4876342088792
14.3875	-29.5339386921314
14.4	-29.5586704018483
14.4125	-29.5972985584485
14.425	-29.6604767006225
14.4375	-29.7030793073032
14.45	-29.7380726925801
14.4625	-29.7935870627507
14.475	-29.8708193829977
14.4875	-29.8801929955304
14.5	-29.9093731748959
14.5125	-29.9188879443792
14.525	-29.9538953085756
14.5375	-29.9891634735612
14.55	-29.9954483454832
14.5625	-30.0081810513728
14.575	-30.0444452819911
14.5875	-30.0593225845372
14.6	-30.0723610027539
14.6125	-30.0897099343228
14.625	-30.126079753918
14.6375	-30.1295984894953
14.65	-30.0971517729032
14.6625	-30.1207702434517
14.675	-30.1200066215075
14.6875	-30.1643435142353
14.7	-30.1770239510102
14.7125	-30.1954103299819
14.725	-30.2096397720134
14.7375	-30.2362965665079
14.75	-30.238867147096
14.7625	-30.2390233448758
14.775	-30.2291465648387
14.7875	-30.2343863458636
14.8	-30.2730758029292
14.8125	-30.2769058523459
14.825	-30.2541286276829
14.8375	-30.3669125419374
14.85	-30.3660310869908
14.8625	-30.3313843695344
14.875	-30.3579920383737
14.8875	-30.3798727836868
14.9	-30.4061289803228
14.9125	-30.443247521306
14.925	-30.4495461844568
14.9375	-30.4451579651162
14.95	-30.462344888757
14.9625	-30.3991940098627
14.975	-30.4270653850881
14.9875	-30.4275959083738
15	-30.4598284967901
15.0125	-30.4643094253728
15.025	-30.4553314497034
15.0375	-30.5140830000381
15.05	-30.5252852980218
15.0625	-30.5435795613926
15.075	-30.5438761513343
15.0875	-30.5703780323573
15.1	-30.5794469706281
15.1125	-30.5885135502518
15.125	-30.6304061021528
15.1375	-30.6232877400729
15.15	-30.6391038477099
15.1625	-30.6504418677014
15.175	-30.6621676513919
15.1875	-30.6759765830244
15.2	-30.7025630173188
15.2125	-30.738794492051
15.225	-30.7642597595405
15.2375	-30.7864875895928
15.25	-30.7996482348458
15.2625	-30.8412333235723
15.275	-30.8897732617197
15.2875	-30.9655998014601
15.3	-31.0155886412322
15.3125	-31.0390564180374
15.325	-31.0573612399857
15.3375	-31.0664521322873
15.35	-31.1262233895791
15.3625	-31.1143864126959
15.375	-31.1384053271133
15.3875	-31.161812544143
15.4	-31.202967391987
15.4125	-31.170228750811
15.425	-31.146650564045
15.4375	-31.2034441873913
15.45	-31.2319313502871
15.4625	-31.2576050528699
15.475	-31.2820950570632
15.4875	-31.1956360010349
15.5	-31.209672769614
15.5125	-31.0965923530008
15.525	-31.1085714207872
15.5375	-31.1720511214521
15.55	-31.2864192545269
15.5625	-31.2172751723473
15.575	-31.2986226549528
15.5875	-31.2655598908034
15.6	-31.2729165874227
15.6125	-31.3068515073138
15.625	-31.2660831132177
15.6375	-31.2019911882093
15.65	-31.2620212525383
15.6625	-31.27325365067
15.675	-31.1682139288737
15.6875	-31.287502446555
15.7	-31.2651985367262
15.7125	-31.2490484148364
15.725	-31.1187364824972
15.7375	-31.0349070361558
15.75	-31.0546581067735
15.7625	-31.0491382303038
15.775	-31.0183316992615
15.7875	-31.164990405962
15.8	-31.4453690193004
15.8125	-31.3589131999057
15.825	-31.2860457928458
15.8375	-31.3535684222302
15.85	-31.3760613296287
15.8625	-31.4016225886104
15.875	-31.3873645914134
15.8875	-31.3756822487183
15.9	-31.427225503775
15.9125	-31.4337015888132
15.925	-31.439188671015
15.9375	-31.4362269963953
15.95	-31.4374172603796
15.9625	-31.3902589109417
15.975	-31.4107923187603
15.9875	-31.4223989746129
16	-31.4605352775544
16.0125	-31.5116431214039
16.025	-31.5616029048903
16.0375	-31.6078019473689
16.05	-31.6562406284266
16.0625	-31.650543906416
16.075	-31.6775345925454
16.0875	-31.7037290631692
16.1	-31.7149037619805
16.1125	-31.779078075071
16.125	-31.7944792469505
16.1375	-31.808290838064
16.15	-31.8181301597087
16.1625	-31.838912115886
16.175	-31.9058109592486
16.1875	-31.8943852078332
16.2	-31.9124904130683
16.2125	-31.9158289786618
16.225	-31.9064399323059
16.2375	-31.925403791356
16.25	-31.9505413235444
16.2625	-31.9817792699174
16.275	-32.0204952059827
16.2875	-32.0341267232781
16.3	-32.047852456626
16.3125	-32.0795950491787
16.325	-32.1645933298122
16.3375	-32.1564411346342
16.35	-32.1524899184824
16.3625	-32.1711601413069
16.375	-32.1567135391774
16.3875	-32.1940584744818
16.4	-32.2321800998085
16.4125	-32.2442705215693
16.425	-32.2868872239642
16.4375	-32.3188442347485
16.45	-32.3279714189866
16.4625	-32.3593376389381
16.475	-32.3928668209632
16.4875	-32.4792739726394
16.5	-32.537337663974
16.5125	-32.5709555774879
16.525	-32.6137609131776
16.5375	-32.6269313723373
16.55	-32.7834218730187
16.5625	-32.843524478374
16.575	-32.8774153523375
16.5875	-32.9193508559172
16.6	-32.9810086272737
16.6125	-33.0816351846617
16.625	-33.1990940825384
16.6375	-33.2402880848147
16.65	-33.2503768648353
16.6625	-33.2998601023189
16.675	-33.4708836660153
16.6875	-33.4856749646167
16.7	-33.5666480000734
16.7125	-33.6755195621112
16.725	-33.7820183551884
16.7375	-33.8027275673507
16.75	-33.7722453999846
16.7625	-33.789186081884
16.775	-33.7524883757371
16.7875	-33.771143589346
16.8	-33.7434623938187
16.8125	-33.7808069855724
16.825	-33.7944125172332
16.8375	-33.8098188266299
16.85	-33.791178924473
16.8625	-33.8178850897897
16.875	-33.8376388941066
16.8875	-33.8915451243981
16.9	-33.8614765492691
16.9125	-33.8521925202051
16.925	-33.871867672558
16.9375	-33.8182444427333
16.95	-33.8004174120018
16.9625	-33.8259230995676
16.975	-33.7780314552111
16.9875	-33.7376522572304
17	-33.7897749426772
17.0125	-33.7576965785148
17.025	-33.816563256741
17.0375	-33.7963281814828
17.05	-33.7606076204718
17.0625	-33.7999175395264
17.075	-33.7420397398227
17.0875	-33.7138406241691
17.1	-33.6301222093493
17.1125	-33.7515116929858
17.125	-33.7252764773466
17.1375	-33.5113058104711
17.15	-33.2972151182426
17.1625	-33.5283611755891
17.175	-33.1171764833317
17.1875	-33.3440342527889
17.2	-33.2982219255014
17.2125	-33.3593458344318
17.225	-33.1703686984715
17.2375	-32.7131863378085
17.25	-32.5804991209488
17.2625	-32.8338209180265
17.275	-33.0319366438896
17.2875	-33.0554461833983
17.3	-32.8254409316272
17.3125	-32.7339193400464
17.325	-32.7490985701231
17.3375	-32.6942862895563
17.35	-32.836977580673
17.3625	-32.96388845549
17.375	-33.0871571747852
17.3875	-33.2677336116403
17.4	-33.2374485517888
17.4125	-33.2649529033231
17.425	-33.3094146414075
17.4375	-33.3732389314687
17.45	-33.3837116083239
17.4625	-33.4809573269992
17.475	-33.4755152736298
17.4875	-33.533072544383
17.5	-33.5149976177674
17.5125	-33.4880439867676
17.525	-33.5158553790909
17.5375	-33.5244290511905
17.55	-33.4829566361433
17.5625	-33.5850224015008
17.575	-33.6081474539988
17.5875	-33.6590229041286
17.6	-33.6563645683776
17.6125	-33.6133133956747
17.625	-33.5282343996482
17.6375	-33.5487210701513
17.65	-33.5402969579499
17.6625	-33.5347361695556
17.675	-33.5641468953735
17.6875	-33.6290485123794
17.7	-33.6354657976602
17.7125	-33.6704813418682
17.725	-33.7120271661431
17.7375	-33.7734649671503
17.75	-33.8618576578893
17.7625	-33.8883730336311
17.775	-33.990907986306
17.7875	-34.1697420911707
17.8	-34.2224964413562
17.8125	-34.2733108079978
17.825	-34.331775592556
17.8375	-34.3122920472313
17.85	-34.3708083681561
17.8625	-34.4482103051006
17.875	-34.4840069959995
17.8875	-34.4937439854917
17.9	-34.5057359806209
17.9125	-34.530063158922
17.925	-34.5327403028482
17.9375	-34.5468858129363
17.95	-34.5625818331546
17.9625	-34.5861190916145
17.975	-34.600849043264
17.9875	-34.6260651599464
18	-34.6760432136035
18.0125	-34.8384090072693
18.025	-34.8712824986165
18.0375	-34.9017918441632
18.05	-34.9838621290413
18.0625	-34.9724247189213
18.075	-35.0346923195684
18.0875	-35.1234989736176
18.1	-35.1284319953764
18.1125	-35.1550466624335
18.125	-35.1324034052887
18.1375	-35.1522580664856
18.15	-35.1790700918037
18.1625	-35.1913921031685
18.175	-35.2293203986628
18.1875	-35.2494876551434
18.2	-35.2137575501729
18.2125	-35.2052462954158
18.225	-35.2366787994901
18.2375	-35.1985102933878
18.25	-35.2337332315604
18.2625	-35.1414208317608
18.275	-35.2698967259013
18.2875	-35.4350647017359
18.3	-35.3910792096434
18.3125	-35.26476683759
18.325	-35.1275713523122
18.3375	-35.2723810701697
18.35	-35.2489722604082
18.3625	-35.2312170286608
18.375	-35.1468314923869
18.3875	-35.2016597790871
18.4	-35.2139356051094
18.4125	-35.2090415281805
18.425	-35.2397303270048
18.4375	-35.2885821037206
18.45	-35.238347074456
18.4625	-35.1511914715795
18.475	-35.2679377961071
18.4875	-34.9458326063003
18.5	-34.9641407019141
18.5125	-35.1498113081241
18.525	-34.9928723591654
18.5375	-35.2949248812237
18.55	-35.1391406029449
18.5625	-34.8477437742709
18.575	-35.339968361669
18.5875	-34.8513622862876
18.6	-35.1646153120595
18.6125	-35.1241050116624
18.625	-35.0938882890056
18.6375	-35.0067563143811
18.65	-35.4539859484958
18.6625	-34.6844330914743
18.675	-35.1184641228403
18.6875	-35.3066887401222
18.7	-35.1371829289095
18.7125	-35.5271920813207
18.725	-35.3173515917556
18.7375	-35.3967406634843
18.75	-35.4248547949046
18.7625	-35.4006032488641
18.775	-35.5465141242889
18.7875	-35.5185464345403
18.8	-35.5605461218084
18.8125	-35.4923814403626
18.825	-35.5577663167223
18.8375	-35.729955297674
18.85	-35.7418227236125
18.8625	-35.6936223577392
18.875	-35.7116381470109
18.8875	-35.6920590827189
18.9	-35.5911849978525
18.9125	-35.6123202632377
18.925	-35.607294100951
18.9375	-35.6229873134337
18.95	-35.6098606640229
18.9625	-35.6116390779092
18.975	-35.5537086821813
18.9875	-35.5402652419246
19	-35.4322841382915
19.0125	-35.3257255988854
19.025	-35.2389659397036
19.0375	-35.2528414921741
19.05	-35.2855935601462
19.0625	-35.5074236273021
19.075	-35.479714841858
19.0875	-35.4380654319897
19.1	-35.3642104073464
19.1125	-35.3616547910386
19.125	-35.3899798721268
19.1375	-35.404444324023
19.15	-35.4162744119043
19.1625	-35.4160391090964
19.175	-35.4627293787475
19.1875	-35.4516908830955
19.2	-35.44420619832
19.2125	-35.4284209251497
19.225	-35.4487534666127
19.2375	-35.5223946327628
19.25	-35.5696787560271
19.2625	-35.581412219006
19.275	-35.67710991887
19.2875	-35.7148740029499
19.3	-35.6080969975786
19.3125	-35.5834611679894
19.325	-35.5930493897495
19.3375	-35.6254963150102
19.35	-35.6327440110952
19.3625	-35.5926182468479
19.375	-35.5634802468683
19.3875	-35.6239562479917
19.4	-35.6448131062338
19.4125	-35.5953025734717
19.425	-35.5982772867505
19.4375	-35.6176694510936
19.45	-35.5917506162915
19.4625	-35.578404619876
19.475	-35.6114599231212
19.4875	-35.6619823803785
19.5	-35.6590933362714
19.5125	-35.6794015962903
19.525	-35.7532670565821
19.5375	-35.7886302029187
19.55	-35.8190935034938
19.5625	-35.7973279622334
19.575	-35.8086475988869
19.5875	-35.8534808402709
19.6	-35.8405378690034
19.6125	-35.9555406649572
19.625	-35.9507906861855
19.6375	-36.0060786713087
19.65	-36.0007519966535
19.6625	-36.0100169553795
19.675	-35.9841797352692
19.6875	-36.0338396168391
19.7	-35.9941871510661
19.7125	-35.9540175705162
19.725	-36.0017745219556
19.7375	-35.991081050581
19.75	-36.0733881097284
19.7625	-36.0274762348382
19.775	-36.107831454004
19.7875	-36.1426334246635
19.8	-36.1908145857429
19.8125	-36.2199330571593
19.825	-36.2159139753318
19.8375	-36.1901199046404
19.85	-36.1783437609215
19.8625	-36.178126005498
19.875	-36.0849810852063
19.8875	-36.0960764293705
19.9	-36.0400050001927
19.9125	-36.0374543379648
19.925	-35.9551065889087
19.9375	-36.0194656352824
19.95	-36.0349758720584
19.9625	-36.0657447529637
19.975	-36.0993647425778
19.9875	-36.12438579857
20	-36.293221307852
20.0125	-36.3195173875885
20.025	-36.3821402038934
20.0375	-36.442535746659
20.05	-36.4527555058959
20.0625	-36.5734662534231
20.075	-36.6520725524894
20.0875	-36.660283897659
20.1	-36.6570564888495
20.1125	-36.6703450518902
20.125	-36.6387963954171
20.1375	-36.6304024522426
20.15	-36.6210824662752
20.1625	-36.6030219891709
20.175	-36.5879117241804
20.1875	-36.5857133135396
20.2	-36.5552186312744
20.2125	-36.5350780048464
20.225	-36.5272371949855
20.2375	-36.5065862267341
20.25	-36.5115585298725
20.2625	-36.5426702626341
20.275	-36.5896476367747
20.2875	-36.566415664925
20.3	-36.5673372900535
20.3125	-36.5739261922156
20.325	-36.5843694179543
20.3375	-36.5958486010942
20.35	-36.6206004172931
20.3625	-36.616115592048
20.375	-36.6301637622762
20.3875	-36.6408711661545
20.4	-36.635156047282
20.4125	-36.6366090223697
20.425	-36.6406418073027
20.4375	-36.6747441831223
20.45	-36.6651305651003
20.4625	-36.6545068592699
20.475	-36.6480984381492
20.4875	-36.6477245440098
20.5	-36.6249549617747
20.5125	-36.6020393738487
20.525	-36.6357708804686
20.5375	-36.6499309275495
20.55	-36.6442826473859
20.5625	-36.6127025194182
20.575	-36.5875295820097
20.5875	-36.5757684349954
20.6	-36.5804823040284
20.6125	-36.5831311844757
20.625	-36.5846397137497
20.6375	-36.5835940083554
20.65	-36.5855651453287
20.6625	-36.5870672380614
20.675	-36.5688515487039
20.6875	-36.5684537297855
20.7	-36.5465942260219
20.7125	-36.5325495013114
20.725	-36.5350153865951
20.7375	-36.5382770438017
20.75	-36.5377352714131
20.7625	-36.5319622309212
20.775	-36.519723001985
20.7875	-36.5471512652748
20.8	-36.5278268935129
20.8125	-36.4865906502995
20.825	-36.5131003203433
20.8375	-36.5115334934815
20.85	-36.4996188040358
20.8625	-36.4926443704149
20.875	-36.4905546321929
20.8875	-36.4883572619518
20.9	-36.495208477854
20.9125	-36.5055347660639
20.925	-36.5131516744447
20.9375	-36.5299144416368
20.95	-36.5394538256892
20.9625	-36.5465721920519
20.975	-36.5802661855329
20.9875	-36.587712101729
21	-36.5961564739341
21.0125	-36.6184460349951
21.025	-36.6312971881323
21.0375	-36.6595021932722
21.05	-36.6670238332306
21.0625	-36.6612342831843
21.075	-36.621703970117
21.0875	-36.6119726577659
21.1	-36.6030903642475
21.1125	-36.5927526174413
21.125	-36.5968823079664
21.1375	-36.6161898005169
21.15	-36.6234414196518
21.1625	-36.6393404621244
21.175	-36.653449874109
21.1875	-36.6792571776562
21.2	-36.6860534234793
21.2125	-36.6898644875539
21.225	-36.6885041187329
21.2375	-36.6972871534748
21.25	-36.7089524827633
21.2625	-36.7196812959949
21.275	-36.7323376053836
21.2875	-36.7306916381195
21.3	-36.7356335775724
21.3125	-36.7401851609146
21.325	-36.7396467044179
21.3375	-36.7559712057577
21.35	-36.7688600488769
21.3625	-36.7807042845546
21.375	-36.7819261285817
21.3875	-36.7866565625592
21.4	-36.7745772207393
21.4125	-36.7773449000743
21.425	-36.7743820724507
21.4375	-36.7792696898845
21.45	-36.7733019065482
21.4625	-36.7687928977507
21.475	-36.7655378162416
21.4875	-36.7606348658161
21.5	-36.7545060111872
21.5125	-36.7592888360868
21.525	-36.7547223787493
21.5375	-36.7563607001681
21.55	-36.7542434681523
21.5625	-36.7500847739478
21.575	-36.7488577248509
21.5875	-36.754866508797
21.6	-36.7517998372893
21.6125	-36.739612479948
21.625	-36.7405099452006
21.6375	-36.7325375750884
21.65	-36.7353320971717
21.6625	-36.7430265304151
21.675	-36.7448092773318
21.6875	-36.7479834970883
21.7	-36.7405515816483
21.7125	-36.7434261088999
21.725	-36.7046425718023
21.7375	-36.6788753773084
21.75	-36.6870691095336
21.7625	-36.7075535078561
21.775	-36.6725301834009
21.7875	-36.6747447891118
21.8	-36.6766038406884
21.8125	-36.6740044779932
21.825	-36.6694046529087
21.8375	-36.6669642221314
21.85	-36.6656294592418
21.8625	-36.657134316786
21.875	-36.6572941680128
21.8875	-36.6541313726781
21.9	-36.6461759350363
21.9125	-36.6400091640084
21.925	-36.6423974254103
21.9375	-36.6389487296299
21.95	-36.638396640444
21.9625	-36.6352924076943
21.975	-36.6350680535998
21.9875	-36.6380477082556
22	-36.6421575499252
22.0125	-36.6436028424572
22.025	-36.644810366338
22.0375	-36.6418271329837
22.05	-36.6411533837231
22.0625	-36.6435095196397
22.075	-36.6398576215752
22.0875	-36.6372470085732
22.1	-36.6356537326775
22.1125	-36.6315771635505
22.125	-36.6295545816286
22.1375	-36.6286753167174
22.15	-36.6307769346694
22.1625	-36.6382029069925
22.175	-36.6349110112521
22.1875	-36.6232619529091
22.2	-36.619905500695
22.2125	-36.6189690188523
22.225	-36.6227225712498
22.2375	-36.6165542954953
22.25	-36.6176439409971
22.2625	-36.6233380242183
22.275	-36.6315722053975
22.2875	-36.6434850586086
22.3	-36.6486904767439
22.3125	-36.6607395040275
22.325	-36.6619427903708
22.3375	-36.6597137062911
22.35	-36.6532058746363
22.3625	-36.6486205810489
22.375	-36.6427549686556
22.3875	-36.6392712184649
22.4	-36.6392922640268
22.4125	-36.6336973423038
22.425	-36.6409067444402
22.4375	-36.6418202885528
22.45	-36.6409590307819
22.4625	-36.64249700235
22.475	-36.6334242280776
22.4875	-36.6388693413784
22.5	-36.6556337580604
22.5125	-36.6503724886768
22.525	-36.6516486968439
22.5375	-36.6619126281353
22.55	-36.6842458287104
22.5625	-36.692779762302
22.575	-36.6919298273843
22.5875	-36.6990170062602
22.6	-36.6968412318656
22.6125	-36.7031112261201
22.625	-36.7093183502833
22.6375	-36.7206195396811
22.65	-36.7293331689699
22.6625	-36.7245350638702
22.675	-36.7127866193641
22.6875	-36.7022064331889
22.7	-36.6928794207437
22.7125	-36.6807459629314
22.725	-36.68297998493
22.7375	-36.6906031214128
22.75	-36.7042203160518
22.7625	-36.7161808567825
22.775	-36.7194756962328
22.7875	-36.7189354812617
22.8	-36.730980742343
22.8125	-36.7251189553216
22.825	-36.7261464114272
22.8375	-36.7235000338526
22.85	-36.7183486712591
22.8625	-36.7186615238943
22.875	-36.713099467961
22.8875	-36.7131178514761
22.9	-36.7172619067976
22.9125	-36.717957548587
22.925	-36.7237780557097
22.9375	-36.6993983176666
22.95	-36.6969734529512
22.9625	-36.6961410137866
22.975	-36.7105851445263
22.9875	-36.7064966325732
23	-36.7023487927921
23.0125	-36.691783973465
23.025	-36.6956565368603
23.0375	-36.6968985067195
23.05	-36.7136279360316
23.0625	-36.7248716843444
23.075	-36.7343374520445
23.0875	-36.7303603909532
23.1	-36.734306081212
23.1125	-36.738946182218
23.125	-36.7426328162859
23.1375	-36.7492699934481
23.15	-36.7481682803411
23.1625	-36.7493860034553
23.175	-36.752740377686
23.1875	-36.7764454099341
23.2	-36.7739599509964
23.2125	-36.7734423137007
23.225	-36.7770763438896
23.2375	-36.7786054874092
23.25	-36.7804057994818
23.2625	-36.7685952591777
23.275	-36.7675465525832
23.2875	-36.7564368796289
23.3	-36.7547492742041
23.3125	-36.7665596561853
23.325	-36.7605492289416
23.3375	-36.7705443333221
23.35	-36.7664643940556
23.3625	-36.7837317463983
23.375	-36.7770989697834
23.3875	-36.7860426889485
23.4	-36.7714865805918
23.4125	-36.7675971321122
23.425	-36.7573849390082
23.4375	-36.7525332844135
23.45	-36.7603209747027
23.4625	-36.7507252533228
23.475	-36.7568668683855
23.4875	-36.7659726736694
23.5	-36.7811830262927
23.5125	-36.7915682711302
23.525	-36.7906190485453
23.5375	-36.8084005253072
23.55	-36.8049783889499
23.5625	-36.7889287255047
23.575	-36.7764739015892
23.5875	-36.7651199502796
23.6	-36.7644897116995
23.6125	-36.7664396326173
23.625	-36.7736525317603
23.6375	-36.7696777372726
23.65	-36.7633532141382
23.6625	-36.7681839839621
23.675	-36.7757816126662
23.6875	-36.7795913030818
23.7	-36.789648777947
23.7125	-36.7995747860813
23.725	-36.8013725165211
23.7375	-36.7890470642249
23.75	-36.7831848050121
23.7625	-36.78268017195
23.775	-36.790484138181
23.7875	-36.7990061126113
23.8	-36.8169300053017
23.8125	-36.8111625805747
23.825	-36.8116720134179
23.8375	-36.8104117510642
23.85	-36.8098259635883
23.8625	-36.8103610451983
23.875	-36.8106492613322
23.8875	-36.8089634030395
23.9	-36.8093679706481
23.9125	-36.8129651614117
23.925	-36.8180704456288
23.9375	-36.8202138864724
23.95	-36.8185401911059
23.9625	-36.8122294055672
23.975	-36.8078106506946
23.9875	-36.8015122220494
24	-36.7969679269445
24.0125	-36.79426885494
24.025	-36.8092719200092
24.0375	-36.8030568688517
24.05	-36.7925700673889
24.0625	-36.7896562114277
24.075	-36.8130057898642
24.0875	-36.8015679557375
24.1	-36.7978228169202
24.1125	-36.7889800708792
24.125	-36.7771092115469
24.1375	-36.7764757671905
24.15	-36.7751755038522
24.1625	-36.7858125317584
24.175	-36.7932126238483
24.1875	-36.7848426028802
24.2	-36.7872734901107
24.2125	-36.7719498852947
24.225	-36.7594324212322
24.2375	-36.7543476375767
24.25	-36.7285261810726
24.2625	-36.741029852423
24.275	-36.7377601082266
24.2875	-36.747772002714
24.3	-36.7660599338874
24.3125	-36.7593195470847
24.325	-36.7433678107303
24.3375	-36.7275898628329
24.35	-36.7228418959742
24.3625	-36.71603471131
24.375	-36.713824113768
24.3875	-36.6989410651166
24.4	-36.6898101202639
24.4125	-36.6848596371266
24.425	-36.6894948974595
24.4375	-36.6778755086602
24.45	-36.6729764463772
24.4625	-36.6655413486622
24.475	-36.6506869313444
24.4875	-36.6428195493939
24.5	-36.6257470072255
24.5125	-36.6080333747879
24.525	-36.6171250370251
24.5375	-36.6211574558298
24.55	-36.6196356074882
24.5625	-36.6136947591396
24.575	-36.6329004147372
24.5875	-36.6306020533598
24.6	-36.6306020533598
24.6125	-36.6306020533598
24.625	-36.6306020533598
24.6375	-36.6306020533598
24.65	-36.6306020533598
24.6625	-36.6306020533598
24.675	-36.6306020533598
24.6875	-36.6306020533598
24.7	-36.6306020533598
24.7125	-36.6306020533598
24.725	-36.6306020533598
24.7375	-36.6306020533598
24.75	-36.6306020533598
24.7625	-36.6306020533598
24.775	-36.6306020533598
24.7875	-36.6306020533598
24.8	-36.6306020533598
24.8125	-36.6306020533598
24.825	-36.6306020533598
24.8375	-36.6306020533598
24.85	-36.6306020533598
24.8625	-36.6306020533598
24.875	-36.6306020533598
24.8875	-36.6306020533598
24.9	-36.6306020533598
24.9125	-36.6306020533598
24.925	-36.6306020533598
24.9375	-36.6306020533598
24.95	-36.6306020533598
24.9625	-36.6306020533598
24.975	-36.6306020533598
24.9875	-36.6306020533598
25	-36.6306020533598
25.0125	-36.6306020533598
25.025	-36.6306020533598
25.0375	-36.6306020533598
25.05	-36.6306020533598
25.0625	-36.6306020533598
25.075	-36.6306020533598
25.0875	-36.6306020533598
25.1	-36.6306020533598
25.1125	-36.6306020533598
25.125	-36.6306020533598
25.1375	-36.6306020533598
25.15	-36.6306020533598
25.1625	-36.6306020533598
25.175	-36.6306020533598
25.1875	-36.6306020533598
25.2	-36.6306020533598
25.2125	-36.6306020533598
25.225	-36.6306020533598
25.2375	-36.6306020533598
25.25	-36.6306020533598
25.2625	-36.6306020533598
25.275	-36.6306020533598
25.2875	-36.6306020533598
25.3	-36.6306020533598
25.3125	-36.6306020533598
25.325	-36.6306020533598
25.3375	-36.6306020533598
25.35	-36.6306020533598
25.3625	-36.6306020533598
25.375	-36.6306020533598
25.3875	-36.6306020533598
25.4	-36.6306020533598
25.4125	-36.6306020533598
25.425	-36.6306020533598
25.4375	-36.6306020533598
25.45	-36.6306020533598
25.4625	-36.6306020533598
25.475	-36.6306020533598
25.4875	-36.6306020533598
25.5	-36.6306020533598
25.5125	-36.6306020533598
25.525	-36.6306020533598
25.5375	-36.6306020533598
25.55	-36.6306020533598
25.5625	-36.6306020533598
25.575	-36.6306020533598
25.5875	-36.6306020533598
25.6	-36.6306020533598
25.6125	-36.6306020533598
25.625	-36.6306020533598
25.6375	-36.6306020533598
25.65	-36.6306020533598
25.6625	-36.6306020533598
25.675	-36.6306020533598
25.6875	-36.6306020533598
25.7	-36.6306020533598
25.7125	-36.6306020533598
25.725	-36.6306020533598
25.7375	-36.6306020533598
25.75	-36.6306020533598
25.7625	-36.6306020533598
25.775	-36.6306020533598
25.7875	-36.6306020533598
25.8	-36.6306020533598
25.8125	-36.6306020533598
25.825	-36.6306020533598
25.8375	-36.6306020533598
25.85	-36.6306020533598
25.8625	-36.6306020533598
25.875	-36.6306020533598
25.8875	-36.6306020533598
25.9	-36.6306409227036
25.9125	-36.6313643029977
25.925	-36.6327454695592
25.9375	-36.633684788789
25.95	-36.6340632132373
25.9625	-36.6351608377215
25.975	-36.6366645208646
25.9875	-36.6361889562252
26	-36.6295056289733
26.0125	-36.6218038759152
26.025	-36.6107503533649
26.0375	-36.6081340816192
26.05	-36.6288550302283
26.0625	-36.6586701833652
26.075	-36.6710614317835
26.0875	-36.6702868999855
26.1	-36.6813323589982
26.1125	-36.6930982340157
26.125	-36.6919629475112
26.1375	-36.6958694737226
26.15	-36.7119045301429
26.1625	-36.7208136577399
26.175	-36.7452867265046
26.1875	-36.7565751423873
26.2	-36.7752564168477
26.2125	-36.782834017023
26.225	-36.7884649249538
26.2375	-36.7737971728083
26.25	-36.8082342824049
26.2625	-36.8377698213594
26.275	-36.8614712874048
26.2875	-36.8847758350865
26.3	-36.8929560720482
26.3125	-36.8907969575203
26.325	-36.9042744901457
26.3375	-36.932782249234
26.35	-36.9498373093951
26.3625	-36.9601244211398
26.375	-36.9815182462918
26.3875	-36.9833416843514
26.4	-37.0041532994566
26.4125	-37.0017102947998
26.425	-36.9925716391101
26.4375	-37.0167817307417
26.45	-37.0288999504581
26.4625	-37.0300554707119
26.475	-37.0200894253535
26.4875	-37.0486514103342
26.5	-37.0702195465307
26.5125	-37.077161784563
26.525	-37.1029840937545
26.5375	-37.1204769204251
26.55	-37.1556923209612
26.5625	-37.1745582347218
26.575	-37.1816658795802
26.5875	-37.1792049200624
26.6	-37.1707304388119
26.6125	-37.1782837061271
26.625	-37.1802791462855
26.6375	-37.2096514299104
26.65	-37.2339271916278
26.6625	-37.258542120132
26.675	-37.259463942181
26.6875	-37.2740991734497
26.7	-37.2826018792348
26.7125	-37.3013998088292
26.725	-37.3108659321367
26.7375	-37.3637995860539
26.75	-37.3927744885767
26.7625	-37.3749014713905
26.775	-37.3633615072863
26.7875	-37.3403305138199
26.8	-37.3034505945358
26.8125	-37.2991353047973
26.825	-37.295894439206
26.8375	-37.2989235137903
26.85	-37.331952531739
26.8625	-37.3137317377537
26.875	-37.3211080801001
26.8875	-37.3364917752096
26.9	-37.3380854156671
26.9125	-37.3481136759512
26.925	-37.3415508773973
26.9375	-37.3282699050619
26.95	-37.3489747955691
26.9625	-37.3595127323135
26.975	-37.3295880731434
26.9875	-37.2763446603509
27	-37.2518548912232
27.0125	-37.2291384645847
27.025	-37.2378326553681
27.0375	-37.2530990767321
27.05	-37.2842615489867
27.0625	-37.2875539297659
27.075	-37.2556132469594
27.0875	-37.236123057623
27.1	-37.2124527836117
27.1125	-37.2203969152605
27.125	-37.2184170766945
27.1375	-37.1926100211415
27.15	-37.1979247318335
27.1625	-37.202896672774
27.175	-37.2003402374671
27.1875	-37.1937542016297
27.2	-37.1850466538128
27.2125	-37.1606261304283
27.225	-37.2099058214559
27.2375	-37.1848818186113
27.25	-37.1806090168947
27.2625	-37.1606729286998
27.275	-37.1650587624126
27.2875	-37.1620263807633
27.3	-37.1614718194475
27.3125	-37.1492542546935
27.325	-37.1815711280316
27.3375	-37.2149348935588
27.35	-37.2279530490704
27.3625	-37.2204933642721
27.375	-37.2409426075724
27.3875	-37.2606628879479
27.4	-37.2584366887064
27.4125	-37.2582723904618
27.425	-37.2864292254709
27.4375	-37.3053391152389
27.45	-37.2924388496092
27.4625	-37.295189588136
27.475	-37.2280939427287
27.4875	-37.2234931963239
27.5	-37.2017640632265
27.5125	-37.2442726087453
27.525	-37.2493687704946
27.5375	-37.2396393428206
27.55	-37.2499423943726
27.5625	-37.2433612401272
27.575	-37.2541393521048
27.5875	-37.2505889359009
27.6	-37.238397114883
27.6125	-37.2177350307177
27.625	-37.2326760859373
27.6375	-37.2449661316513
27.65	-37.2242703724063
27.6625	-37.210714768013
27.675	-37.2743121383609
27.6875	-37.2982307904474
27.7	-37.3091857974158
27.7125	-37.3593217188734
27.725	-37.3713348222019
27.7375	-37.4064447525777
27.75	-37.5299756120997
27.7625	-37.635233949267
27.775	-37.6039702935431
27.7875	-37.6811515846761
27.8	-37.8742482145031
27.8125	-37.911937889359
27.825	-37.9532728037516
27.8375	-38.0116199586913
27.85	-37.940038922232
27.8625	-37.8262051239542
27.875	-37.8509957202036
27.8875	-37.8515527940431
27.9	-37.8945742694115
27.9125	-37.9983994522107
27.925	-37.9809415941844
27.9375	-38.0201440607779
27.95	-38.0564093687952
27.9625	-38.0530852452187
27.975	-37.9930247624657
27.9875	-37.9304767087774
28	-37.8885160638661
28.0125	-37.791559482063
28.025	-37.849027408673
28.0375	-37.9619722323937
28.05	-38.0696845699608
28.0625	-38.1083522767762
28.075	-38.2030837694404
28.0875	-38.2093442177734
28.1	-38.2276619861141
28.1125	-38.2108228405086
28.125	-38.2570240452103
28.1375	-38.2898323290956
28.15	-38.2246629559227
28.1625	-38.1963143545949
28.175	-38.1604534526414
28.1875	-38.2691640789503
28.2	-38.3368911167937
28.2125	-38.3286539149204
28.225	-38.2933629353721
28.2375	-38.2741250250164
28.25	-38.2228638168143
28.2625	-38.2781726838897
28.275	-38.2791280457277
28.2875	-38.2107877617248
28.3	-38.1826837920874
28.3125	-38.1115510192502
28.325	-38.1153762225056
28.3375	-38.1438899971024
28.35	-38.1817062365954
28.3625	-38.1625618649455
28.375	-38.1707177233274
28.3875	-38.1733751668395
28.4	-38.195295847673
28.4125	-38.1515643510136
28.425	-38.2395468156484
28.4375	-38.210591379867
28.45	-38.1455394325817
28.4625	-38.0120760208846
28.475	-38.1125425729297
28.4875	-38.0277603367266
28.5	-38.0408000631902
28.5125	-38.0631333889069
28.525	-37.9915586823841
28.5375	-38.0586840738596
28.55	-38.1174590813486
28.5625	-38.0958797366641
28.575	-37.966307021654
28.5875	-38.0078387141404
28.6	-37.9722360034674
28.6125	-37.9593075983516
28.625	-37.9514607242957
28.6375	-37.9139096116224
28.65	-37.9699490824997
28.6625	-38.0572698486461
28.675	-38.0273838907581
28.6875	-38.0077590329377
28.7	-38.013261501195
28.7125	-38.0237777328565
28.725	-38.0211787690836
28.7375	-38.0105521249602
28.75	-38.0721555464641
28.7625	-37.9955051575743
28.775	-37.9236715741812
28.7875	-37.978161070616
28.8	-37.9922854860062
28.8125	-38.0228193272173
28.825	-38.0585248810893
28.8375	-38.0537192304551
28.85	-38.061250757595
28.8625	-37.9334263195694
28.875	-38.0551514221194
28.8875	-37.9779920638877
28.9	-37.7374877911236
28.9125	-38.0014302316706
28.925	-37.7323421531898
28.9375	-37.796707152907
28.95	-37.746113142576
28.9625	-37.7021217527328
28.975	-37.7965874897411
28.9875	-37.8673245623446
29	-37.742433535098
29.0125	-37.7744298888185
29.025	-38.0461266232186
29.0375	-38.09451328205
29.05	-38.1680624737513
29.0625	-38.1931829145435
29.075	-38.1321298947124
29.0875	-38.1312641957026
29.1	-38.1229261048893
29.1125	-38.1659548981679
29.125	-38.138879977488
29.1375	-38.163624621448
29.15	-38.1784400201196
29.1625	-38.1618293865058
29.175	-38.169809700816
29.1875	-38.2661142661662
29.2	-38.2943350899413
29.2125	-38.2675774908397
29.225	-38.2500580689731
29.2375	-38.2622422154257
29.25	-38.2065961114614
29.2625	-38.1494737368096
29.275	-38.1900704022392
29.2875	-38.2087869453834
29.3	-38.153831732564
29.3125	-38.1863541352941
29.325	-38.1190732938604
29.3375	-38.0869471989653
29.35	-38.0704360044893
29.3625	-38.071832106235
29.375	-38.0419024950635
29.3875	-38.0382462958463
29.4	-38.0706090483167
29.4125	-38.0814325119952
29.425	-38.127448379755
29.4375	-38.1078149840886
29.45	-38.1675650042864
29.4625	-38.1393110145178
29.475	-38.1203778107266
29.4875	-38.0204324557652
29.5	-37.9980039192888
29.5125	-38.0411922813959
29.525	-38.0837407347975
29.5375	-38.1608366607637
29.55	-38.2117229061211
29.5625	-38.1887961375633
29.575	-38.1627993869994
29.5875	-38.0825517195398
29.6	-38.1810078548183
29.6125	-38.1967253236217
29.625	-38.3095209252143
29.6375	-38.3315977645961
29.65	-38.3944444996117
29.6625	-38.3590518042122
29.675	-38.1966859241864
29.6875	-37.894879397638
29.7	-37.7967624924849
29.7125	-37.5857613990299
29.725	-37.6542001317031
29.7375	-37.8277291990406
29.75	-37.8507642525591
29.7625	-37.6163412693042
29.775	-37.4334443195273
29.7875	-37.3551341281779
29.8	-37.1578702006649
29.8125	-37.3137065419406
29.825	-37.3187815432369
29.8375	-37.281148934573
29.85	-37.361841141967
29.8625	-37.3533492217515
29.875	-37.18424425023
29.8875	-37.04441373688
29.9	-37.0808456586661
29.9125	-37.1260734005967
29.925	-37.0901161885374
29.9375	-37.1110888454812
29.95	-37.0188619340576
29.9625	-37.0538063526983
29.975	-37.081508385095
29.9875	-37.2252909079417
30	-37.2175242727372
