0.0125	0
0.025	0
0.0375	0
0.05	0
0.0625	0
0.075	0
0.0875	0
0.1	0
0.1125	0
0.125	0
0.1375	0
0.15	0
0.1625	0
0.175	0
0.1875	0
0.2	0
0.2125	0
0.225	0
0.2375	0
0.25	0
0.2625	0
0.275	0
0.2875	0
0.3	0
0.3125	0
0.325	0
0.3375	0
0.35	0
0.3625	0
0.375	0
0.3875	0
0.4	0
0.4125	0
0.425	0
0.4375	0
0.45	0
0.4625	0
0.475	0
0.4875	0
0.5	0
0.5125	0
0.525	0
0.5375	0
0.55	0
0.5625	0
0.575	0
0.5875	0
0.6	0
0.6125	0
0.625	0
0.6375	0
0.65	0
0.6625	0
0.675	0
0.6875	0
0.7	0
0.7125	0
0.725	0
0.7375	0
0.75	0
0.7625	0
0.775	0
0.7875	0
0.8	0
0.8125	0
0.825	0
0.8375	0
0.85	0
0.8625	0
0.875	0
0.8875	0
0.9	0
0.9125	0
0.925	0
0.9375	0
0.95	0
0.9625	0
0.975	0
0.9875	0
1	0
1.0125	0
1.025	0
1.0375	0
1.05	0
1.0625	0
1.075	0
1.0875	0
1.1	0
1.1125	0
1.125	0
1.1375	0
1.15	0
1.1625	0
1.175	0
1.1875	0
1.2	0
1.2125	0
1.225	0
1.2375	0
1.25	0
1.2625	0
1.275	0
1.2875	0
1.3	0
1.3125	0
1.325	0
1.3375	-1.15839607701317e-05
1.35	-0.00147454201821226
1.3625	-0.00810039605261319
1.375	-0.0246274453089163
1.3875	-0.0645535383250344
1.4	-0.110684450105558
1.4125	-0.157209086023004
1.425	-0.198563033364904
1.4375	-0.251891075375689
1.45	-0.311142155253765
1.4625	-0.350096505530147
1.475	-0.381980911276391
1.4875	-0.434650938111189
1.5	-0.51198106094889
1.5125	-0.634442264090253
1.525	-0.721319025235173
1.5375	-0.777879948427801
1.55	-0.812285133067229
1.5625	-0.847563558865573
1.575	-0.909760132456558
1.5875	-0.990133637296935
1.6	-1.04513065574467
1.6125	-1.10411454489457
1.625	-1.18996561914674
1.6375	-1.27745060804174
1.65	-1.33891534628576
1.6625	-1.37404085793755
1.675	-1.42907164353532
1.6875	-1.4829195415166
1.7	-1.55375592558866
1.7125	-1.59040600690142
1.725	-1.62919821927085
1.7375	-1.69359384527935
1.75	-1.77651248343808
1.7625	-1.88028135969346
1.775	-1.94070390186881
1.7875	-1.97300715192518
1.8	-2.00978068105859
1.8125	-2.05282363575199
1.825	-2.11130162953806
1.8375	-2.17246498543842
1.85	-2.23431633497508
1.8625	-2.27816214233052
1.875	-2.35676223288081
1.8875	-2.41988622624829
1.9	-2.46961510240477
1.9125	-2.50472741509045
1.925	-2.56868323972572
1.9375	-2.62215325304145
1.95	-2.68461747970142
1.9625	-2.74054564984246
1.975	-2.79327231502297
1.9875	-2.85343706517264
2	-2.90719571883137
2.0125	-2.99599073595854
2.025	-3.05187053454975
2.0375	-3.10281406326136
2.05	-3.14542578464109
2.0625	-3.21708279053647
2.075	-3.29633983602889
2.0875	-3.41399946141158
2.1	-3.48834215189029
2.1125	-3.58992995961194
2.125	-3.66345315016179
2.1375	-3.72992120871783
2.15	-3.79346456321157
2.1625	-3.83322697885149
2.175	-3.90091686200729
2.1875	-3.96357590151213
2.2	-4.017339198404
2.2125	-4.06706549438798
2.225	-4.11180797634981
2.2375	-4.16290344610886
2.25	-4.23382310988754
2.2625	-4.29331073707611
2.275	-4.32190228433708
2.2875	-4.34092564850276
2.3	-4.36488992993431
2.3125	-4.39117025564319
2.325	-4.43137611187348
2.3375	-4.45395423764979
2.35	-4.47453309751795
2.3625	-4.49325260179306
2.375	-4.50948942330867
2.3875	-4.53760822187345
2.4	-4.55963938037924
2.4125	-4.5720243656041
2.425	-4.59650583624299
2.4375	-4.61992305344103
2.45	-4.64898537518383
2.4625	-4.66602794149143
2.475	-4.68211502084641
2.4875	-4.69839999343952
2.5	-4.7179710928926
2.5125	-4.74727219205757
2.525	-4.7588827939644
2.5375	-4.76936617647713
2.55	-4.77795032418353
2.5625	-4.79128794660121
2.575	-4.80835711034497
2.5875	-4.82195657810134
2.6	-4.83963465799716
2.6125	-4.85239039045203
2.625	-4.86584103481513
2.6375	-4.88354908295115
2.65	-4.89400045308786
2.6625	-4.90797830822817
2.675	-4.9218213871177
2.6875	-4.93639126092552
2.7	-4.95143834994628
2.7125	-4.96053699682342
2.725	-4.97529833217552
2.7375	-4.99139473638606
2.75	-5.00303644373273
2.7625	-5.01710850598705
2.775	-5.02844048126838
2.7875	-5.0387237405603
2.8	-5.05056524496715
2.8125	-5.07182566038746
2.825	-5.09607904049975
2.8375	-5.1173019065572
2.85	-5.13774306461099
2.8625	-5.15427515596096
2.875	-5.16707295885702
2.8875	-5.18023121497876
2.9	-5.19150205462302
2.9125	-5.20189189033725
2.925	-5.2170899664377
2.9375	-5.22582284265214
2.95	-5.23775636154673
2.9625	-5.25187835696325
2.975	-5.26307904977394
2.9875	-5.27410577205619
3	-5.29032619068553
3.0125	-5.31402298882838
3.025	-5.33448612215434
3.0375	-5.35490459955927
3.05	-5.37247242930057
3.0625	-5.3955472302317
3.075	-5.42184862909488
3.0875	-5.44272476618565
3.1	-5.46216582144008
3.1125	-5.48154120783171
3.125	-5.49245807867204
3.1375	-5.50829578384761
3.15	-5.52140317323144
3.1625	-5.54357194707945
3.175	-5.56971307933599
3.1875	-5.5876620994496
3.2	-5.61199901877222
3.2125	-5.63473776624578
3.225	-5.65118198851441
3.2375	-5.67249437841232
3.25	-5.68611388841129
3.2625	-5.7002682071492
3.275	-5.71212091734948
3.2875	-5.72312817739127
3.3	-5.73537639744844
3.3125	-5.74439343251374
3.325	-5.75372765624547
3.3375	-5.76344305902058
3.35	-5.77169615787963
3.3625	-5.77991750857488
3.375	-5.79032440960231
3.3875	-5.79983243450228
3.4	-5.80758731301946
3.4125	-5.81643203608798
3.425	-5.82954447038272
3.4375	-5.84533709579523
3.45	-5.85579646159416
3.4625	-5.86147237882764
3.475	-5.8697316191409
3.4875	-5.87581311763593
3.5	-5.88122552328248
3.5125	-5.8900065098367
3.525	-5.89703684954541
3.5375	-5.90121403166951
3.55	-5.91470344578338
3.5625	-5.92030000081279
3.575	-5.93100960220143
3.5875	-5.94036942427475
3.6	-5.95297813111747
3.6125	-5.96467333993428
3.625	-5.97658485562616
3.6375	-5.99243985068586
3.65	-6.00179792811208
3.6625	-6.01341488207542
3.675	-6.01950769898691
3.6875	-6.02871266238598
3.7	-6.03881529939979
3.7125	-6.04418855467677
3.725	-6.05097468027568
3.7375	-6.05459812803908
3.75	-6.06047467432865
3.7625	-6.06619213363185
3.775	-6.06849414507443
3.7875	-6.07214186019537
3.8	-6.07524022416923
3.8125	-6.07907813469114
3.825	-6.08350059506537
3.8375	-6.0858564126169
3.85	-6.08829779115046
3.8625	-6.09131291807171
3.875	-6.09487062983069
3.8875	-6.09944095841986
3.9	-6.10234712379247
3.9125	-6.1036570859755
3.925	-6.10488578238403
3.9375	-6.10784867523765
3.95	-6.11036050903042
3.9625	-6.11259007074251
3.975	-6.11436154569664
3.9875	-6.11696940512905
4	-6.12019431935448
4.0125	-6.12360546060391
4.025	-6.12588716686273
4.0375	-6.12836460073618
4.05	-6.131658395359
4.0625	-6.13465698089403
4.075	-6.13792731854546
4.0875	-6.14005586372712
4.1	-6.14201226176326
4.1125	-6.14324256082222
4.125	-6.14591313680437
4.1375	-6.1486819327738
4.15	-6.15055552348689
4.1625	-6.15142514993444
4.175	-6.15262556172086
4.1875	-6.15400986296879
4.2	-6.15744923693253
4.2125	-6.16143286154458
4.225	-6.16543208290098
4.2375	-6.16923572169776
4.25	-6.17346304676453
4.2625	-6.17735365933851
4.275	-6.18111922490302
4.2875	-6.18507685703693
4.3	-6.18962321725328
4.3125	-6.19549063378285
4.325	-6.19906988683296
4.3375	-6.20220578414745
4.35	-6.20491138643557
4.3625	-6.20694458697858
4.375	-6.20954561763817
4.3875	-6.21121806243606
4.4	-6.21255667566964
4.4125	-6.2133622472729
4.425	-6.2150260557485
4.4375	-6.21668820105833
4.45	-6.21969997048328
4.4625	-6.22194107207621
4.475	-6.22424067915397
4.4875	-6.2277198549191
4.5	-6.23086602469986
4.5125	-6.23174252005553
4.525	-6.23480469311474
4.5375	-6.23862193563461
4.55	-6.24408555217065
4.5625	-6.24929333633083
4.575	-6.25435901644942
4.5875	-6.25902554528992
4.6	-6.26235636696033
4.6125	-6.26855814832682
4.625	-6.27505302700238
4.6375	-6.28415915595242
4.65	-6.2886753023557
4.6625	-6.29437959427306
4.675	-6.29988381422253
4.6875	-6.30535074090191
4.7	-6.31303209744524
4.7125	-6.31748241590775
4.725	-6.32128784123703
4.7375	-6.32622727894144
4.75	-6.3293184178346
4.7625	-6.33217871198857
4.775	-6.33413053956235
4.7875	-6.33835094389931
4.8	-6.34822593651233
4.8125	-6.35511233865551
4.825	-6.36506122493755
4.8375	-6.37174823558214
4.85	-6.38357351251794
4.8625	-6.39261485332117
4.875	-6.41290394432111
4.8875	-6.42895297060329
4.9	-6.44572356676896
4.9125	-6.45829286906325
4.925	-6.48795069289157
4.9375	-6.51157348452973
4.95	-6.54040864496662
4.9625	-6.55228880655774
4.975	-6.56173820493511
4.9875	-6.57669927760186
5	-6.58301829695573
5.0125	-6.59438732653701
5.025	-6.61259583913729
5.0375	-6.62941382834465
5.05	-6.66452738965727
5.0625	-6.68533197404642
5.075	-6.70739194415559
5.0875	-6.73559024357542
5.1	-6.74986152041593
5.1125	-6.7587564584162
5.125	-6.76980103643715
5.1375	-6.78506672361766
5.15	-6.80052924086257
5.1625	-6.81372094712049
5.175	-6.8255845382305
5.1875	-6.83357269361945
5.2	-6.8410417347577
5.2125	-6.85195396457997
5.225	-6.86321348150464
5.2375	-6.86872442895917
5.25	-6.87660249350453
5.2625	-6.88188235845843
5.275	-6.88747372675897
5.2875	-6.89443254828243
5.3	-6.90017632980853
5.3125	-6.91394861105883
5.325	-6.92644997063968
5.3375	-6.9371810535426
5.35	-6.94713804784497
5.3625	-6.95258398730072
5.375	-6.9601868098341
5.3875	-6.97131825790799
5.4	-6.97904826753345
5.4125	-6.98166780629221
5.425	-6.98605407933313
5.4375	-6.99156369551179
5.45	-7.00092581239365
5.4625	-7.01589246822352
5.475	-7.02588405245917
5.4875	-7.03644915158491
5.5	-7.04478720576875
5.5125	-7.0570680111402
5.525	-7.06766212466831
5.5375	-7.07909330619287
5.55	-7.09077241463952
5.5625	-7.10279116505008
5.575	-7.11224494802456
5.5875	-7.11930504356918
5.6	-7.13086819700739
5.6125	-7.13594145232496
5.625	-7.14388089941352
5.6375	-7.15042131214662
5.65	-7.15846397247164
5.6625	-7.1674776052185
5.675	-7.17795355774744
5.6875	-7.18307174648689
5.7	-7.1883870719692
5.7125	-7.21354049361848
5.725	-7.23717500233986
5.7375	-7.24969281372108
5.75	-7.26023354818381
5.7625	-7.26876756871963
5.775	-7.2802648580003
5.7875	-7.29264473288981
5.8	-7.30045895618355
5.8125	-7.30678695263007
5.825	-7.3109622825267
5.8375	-7.3161620078583
5.85	-7.32269476897557
5.8625	-7.3305627591198
5.875	-7.33812988421287
5.8875	-7.34415549534273
5.9	-7.34810492976022
5.9125	-7.35102772977602
5.925	-7.35460042000962
5.9375	-7.35929655755369
5.95	-7.36668189705361
5.9625	-7.36972355887154
5.975	-7.37380139030494
5.9875	-7.38197934214458
6	-7.39246842501599
6.0125	-7.40101435188546
6.025	-7.40559412454073
6.0375	-7.41215200898883
6.05	-7.42124144578242
6.0625	-7.42977665825442
6.075	-7.43606363562169
6.0875	-7.44242455410283
6.1	-7.44855346363774
6.1125	-7.45210194575927
6.125	-7.45686044150826
6.1375	-7.46074119046201
6.15	-7.46327524211611
6.1625	-7.465433151219
6.175	-7.46888233611093
6.1875	-7.47146715492327
6.2	-7.47565208345516
6.2125	-7.48565810792746
6.225	-7.49046411962017
6.2375	-7.49554133474412
6.25	-7.50304850176328
6.2625	-7.51379727526917
6.275	-7.52081095456453
6.2875	-7.53454599525591
6.3	-7.55198535226434
6.3125	-7.56625598974971
6.325	-7.57733663848604
6.3375	-7.58899734730979
6.35	-7.6034660488958
6.3625	-7.61803893756815
6.375	-7.63256323607995
6.3875	-7.63826953503699
6.4	-7.6467929441041
6.4125	-7.65292300322507
6.425	-7.66209731211072
6.4375	-7.67290443420841
6.45	-7.68344213172886
6.4625	-7.69378339035345
6.475	-7.70650660034723
6.4875	-7.71591949251166
6.5	-7.72340468716803
6.5125	-7.72740673959609
6.525	-7.73067624030105
6.5375	-7.73203050085011
6.55	-7.734305259467
6.5625	-7.73737759009115
6.575	-7.74000376954068
6.5875	-7.74289906588652
6.6	-7.74404547120613
6.6125	-7.74568997966639
6.625	-7.74638993889348
6.6375	-7.7481508292141
6.65	-7.75003347973667
6.6625	-7.75164598760444
6.675	-7.75477039230711
6.6875	-7.7562904736145
6.7	-7.75900090729921
6.7125	-7.76052638179582
6.725	-7.76261344658236
6.7375	-7.76386068275542
6.75	-7.76476901821479
6.7625	-7.76671779256122
6.775	-7.7685789308023
6.7875	-7.77088725827006
6.8	-7.77302434519611
6.8125	-7.77529675979543
6.825	-7.7776468473196
6.8375	-7.7800612443125
6.85	-7.78337901432558
6.8625	-7.78576661852471
6.875	-7.78801782168517
6.8875	-7.79041950852558
6.9	-7.79252476660963
6.9125	-7.79333483550168
6.925	-7.79555378902831
6.9375	-7.79693131405049
6.95	-7.79822158730323
6.9625	-7.79902226603842
6.975	-7.80017815981082
6.9875	-7.80015311370495
7	-7.79980032524006
7.0125	-7.79976026408171
7.025	-7.8001606078676
7.0375	-7.79993549325782
7.05	-7.79986264003342
7.0625	-7.80014477868741
7.075	-7.79999024313947
7.0875	-7.80048973829194
7.1	-7.80055589622102
7.1125	-7.80007911386084
7.125	-7.79998151328524
7.1375	-7.80026575317821
7.15	-7.80105611592803
7.1625	-7.80289715933927
7.175	-7.80585726311107
7.1875	-7.80888137746758
7.2	-7.81302079846045
7.2125	-7.81597342155093
7.225	-7.81757016070349
7.2375	-7.81885382976349
7.25	-7.82034824939201
7.2625	-7.82027532790001
7.275	-7.820957329204
7.2875	-7.82186850726919
7.3	-7.82315363434727
7.3125	-7.82442951223936
7.325	-7.82599314392941
7.3375	-7.82693121848441
7.35	-7.82804771022487
7.3625	-7.82869339698375
7.375	-7.82935383251526
7.3875	-7.83000926459277
7.4	-7.8304129948669
7.4125	-7.83097748334333
7.425	-7.83077088410503
7.4375	-7.83066110264241
7.45	-7.83061823111952
7.4625	-7.83100677779281
7.475	-7.8318919551425
7.4875	-7.83273103016276
7.5	-7.83413094548019
7.5125	-7.83494808104341
7.525	-7.8353914067377
7.5375	-7.8362180013897
7.55	-7.83657162614494
7.5625	-7.83730442110498
7.575	-7.83842653035389
7.5875	-7.83933406667593
7.6	-7.84134601891112
7.6125	-7.84212895693332
7.625	-7.84236982763054
7.6375	-7.84301747629129
7.65	-7.84404585410127
7.6625	-7.8446539663636
7.675	-7.84471054538479
7.6875	-7.8449709416763
7.7	-7.84501373269597
7.7125	-7.84623867661063
7.725	-7.84776748671625
7.7375	-7.84862232011351
7.75	-7.85010602861678
7.7625	-7.85236525682322
7.775	-7.85382634749014
7.7875	-7.85447168049156
7.8	-7.85633198362252
7.8125	-7.85794889377027
7.825	-7.85991994317569
7.8375	-7.86037975014656
7.85	-7.85983738346883
7.8625	-7.85991836861703
7.875	-7.86084063922605
7.8875	-7.86319291045773
7.9	-7.86428765480606
7.9125	-7.86745902052316
7.925	-7.87026793090377
7.9375	-7.87240379321707
7.95	-7.87373130419261
7.9625	-7.87583746951635
7.975	-7.87752833941482
7.9875	-7.87931401855391
8	-7.87933357878608
8.0125	-7.88206031676633
8.025	-7.88373698240026
8.0375	-7.88514468240028
8.05	-7.88741091401659
8.0625	-7.89048878202906
8.075	-7.8944064247109
8.0875	-7.89702911419766
8.1	-7.8995179966131
8.1125	-7.90272398822839
8.125	-7.90574110079676
8.1375	-7.90897640877545
8.15	-7.91132431075222
8.1625	-7.91552806276573
8.175	-7.92439123439714
8.1875	-7.93266894659478
8.2	-7.94099087644112
8.2125	-7.94712405628878
8.225	-7.95260455358534
8.2375	-7.9582520356083
8.25	-7.9648467958534
8.2625	-7.96913570901024
8.275	-7.97348123844098
8.2875	-7.98148403178708
8.3	-7.98893794005118
8.3125	-7.9941005384028
8.325	-7.99717568865576
8.3375	-8.00043138234853
8.35	-8.00384792213561
8.3625	-8.00560732135295
8.375	-8.00748707075348
8.3875	-8.01145260617528
8.4	-8.01510611384452
8.4125	-8.01710575865007
8.425	-8.01827637830499
8.4375	-8.02217181259476
8.45	-8.0285319676866
8.4625	-8.03397694710611
8.475	-8.03713249873869
8.4875	-8.04167756360012
8.5	-8.04375330540171
8.5125	-8.04499968060367
8.525	-8.04589425923803
8.5375	-8.04674586259531
8.55	-8.04874925461073
8.5625	-8.05096064805504
8.575	-8.05162837310705
8.5875	-8.05446778818809
8.6	-8.05804683354441
8.6125	-8.06224783873822
8.625	-8.06768855053052
8.6375	-8.07435637923984
8.65	-8.07999082987795
8.6625	-8.08607745007302
8.675	-8.0917721279173
8.6875	-8.09633519999022
8.7	-8.10229383263137
8.7125	-8.10637429899654
8.725	-8.10943931003257
8.7375	-8.11460404102283
8.75	-8.11873350226556
8.7625	-8.12572138397137
8.775	-8.13158447740802
8.7875	-8.13527515996207
8.8	-8.13800491107474
8.8125	-8.14115455393004
8.825	-8.14312953558255
8.8375	-8.14539925397075
8.85	-8.14761509025625
8.8625	-8.15026503046056
8.875	-8.15367599692723
8.8875	-8.15656426499838
8.9	-8.15808642357181
8.9125	-8.15903884025862
8.925	-8.15932893969807
8.9375	-8.16033709361878
8.95	-8.16285743980956
8.9625	-8.16513634289648
8.975	-8.16784875669557
8.9875	-8.17033476959132
9	-8.1724937631572
9.0125	-8.17470200989725
9.025	-8.17656271695085
9.0375	-8.17857406527471
9.05	-8.17989789964384
9.0625	-8.18223428424651
9.075	-8.18512183043211
9.0875	-8.18778932813271
9.1	-8.19083629630424
9.1125	-8.19202434507053
9.125	-8.19257803122362
9.1375	-8.19332180160421
9.15	-8.19474593090226
9.1625	-8.19637558843827
9.175	-8.19833081206504
9.1875	-8.20320683446277
9.2	-8.20658789579032
9.2125	-8.2103136458079
9.225	-8.21397564034164
9.2375	-8.21876164115103
9.25	-8.22236129999404
9.2625	-8.22567147099877
9.275	-8.23037435753531
9.2875	-8.23570828685535
9.3	-8.24203708704516
9.3125	-8.25103829903208
9.325	-8.26007036518307
9.3375	-8.26798234658429
9.35	-8.27510026377366
9.3625	-8.28234942235879
9.375	-8.28894060682985
9.3875	-8.29556519120687
9.4	-8.30078099811122
9.4125	-8.31142429575359
9.425	-8.32151779067321
9.4375	-8.33032585092509
9.45	-8.33666235200781
9.4625	-8.34476493892161
9.475	-8.35101829422211
9.4875	-8.35636824896978
9.5	-8.36118084884853
9.5125	-8.36890569194053
9.525	-8.3754390412073
9.5375	-8.38310934280469
9.55	-8.38586066635419
9.5625	-8.3942317920422
9.575	-8.39842025380075
9.5875	-8.41717363961372
9.6	-8.44265994111233
9.6125	-8.45914072701454
9.625	-8.46989511026326
9.6375	-8.48039194220341
9.65	-8.49937360386715
9.6625	-8.50879644693747
9.675	-8.5155728316204
9.6875	-8.52997872511786
9.7	-8.53462577443592
9.7125	-8.53932339121669
9.725	-8.54515577471606
9.7375	-8.55639935885392
9.75	-8.56724463884065
9.7625	-8.5760396374962
9.775	-8.5895395720966
9.7875	-8.60166487708783
9.8	-8.60794432091896
9.8125	-8.61365405721523
9.825	-8.62169321983643
9.8375	-8.63218352546707
9.85	-8.63760168154744
9.8625	-8.64711856099521
9.875	-8.65353740697979
9.8875	-8.65877449020551
9.9	-8.66820383786034
9.9125	-8.67632043249436
9.925	-8.6840735646919
9.9375	-8.69013626571742
9.95	-8.69710247159571
9.9625	-8.7037383743878
9.975	-8.71001792280479
9.9875	-8.71689966876886
10	-8.71991256645646
10.0125	-8.72671506201755
10.025	-8.73133965108125
10.0375	-8.73375857518894
10.05	-8.7385724866418
10.0625	-8.7444208897521
10.075	-8.74944298916263
10.0875	-8.75360917340041
10.1	-8.75800994556353
10.1125	-8.76294805848662
10.125	-8.76645642400566
10.1375	-8.77005737324198
10.15	-8.77518706539287
10.1625	-8.77808102658883
10.175	-8.78092376813892
10.1875	-8.78488959757724
10.2	-8.78812793066367
10.2125	-8.79170449386242
10.225	-8.79524889211992
10.2375	-8.79998146817121
10.25	-8.80356697985525
10.2625	-8.8074357527378
10.275	-8.81014003532596
10.2875	-8.81264818757378
10.3	-8.81482186341879
10.3125	-8.82017962234362
10.325	-8.82997560065658
10.3375	-8.83496245815258
10.35	-8.83761279921986
10.3625	-8.84228468516394
10.375	-8.84671091435423
10.3875	-8.8490391449956
10.4	-8.85139030204782
10.4125	-8.85430070382555
10.425	-8.85678183452709
10.4375	-8.85893293562192
10.45	-8.86108221349697
10.4625	-8.86410163520573
10.475	-8.86698919935767
10.4875	-8.86954168126223
10.5	-8.87212285172529
10.5125	-8.87499745290088
10.525	-8.87738417790268
10.5375	-8.87800326526819
10.55	-8.88322239178205
10.5625	-8.88729526959446
10.575	-8.88787580836959
10.5875	-8.89050542850854
10.6	-8.89102889840094
10.6125	-8.89221628803236
10.625	-8.89287963861815
10.6375	-8.89542940503461
10.65	-8.89835631205212
10.6625	-8.90005540432293
10.675	-8.90170966426723
10.6875	-8.90386332300229
10.7	-8.90551933123207
10.7125	-8.90676204372461
10.725	-8.90922603863882
10.7375	-8.91213807210779
10.75	-8.91545135086137
10.7625	-8.91976041525353
10.775	-8.92189889353305
10.7875	-8.92424994449868
10.8	-8.92702891264633
10.8125	-8.92953843158514
10.825	-8.93166829944347
10.8375	-8.93536738353908
10.85	-8.93707953482297
10.8625	-8.94006563048515
10.875	-8.94225889350437
10.8875	-8.94310229531385
10.9	-8.94484630208215
10.9125	-8.94649568509214
10.925	-8.95018913098924
10.9375	-8.95686369565666
10.95	-8.96161738614792
10.9625	-8.96775003009692
10.975	-8.97301450163099
10.9875	-8.97972199369997
11	-8.98625457350232
11.0125	-8.99396039540591
11.025	-9.0040764297158
11.0375	-9.01470013629564
11.05	-9.02195709573019
11.0625	-9.03021286083539
11.075	-9.03895758893596
11.0875	-9.04466913548893
11.1	-9.0532942271607
11.1125	-9.05823319234326
11.125	-9.06441212027165
11.1375	-9.07038585178752
11.15	-9.07845018018543
11.1625	-9.08612692843845
11.175	-9.09058481123492
11.1875	-9.09437595152138
11.2	-9.09879933306595
11.2125	-9.10189831495815
11.225	-9.10676758497422
11.2375	-9.11314280191944
11.25	-9.1196629337376
11.2625	-9.12441316168125
11.275	-9.12955453966788
11.2875	-9.13485510904451
11.3	-9.13947923628814
11.3125	-9.14462617543437
11.325	-9.14683721231116
11.3375	-9.1500161775125
11.35	-9.15255716737812
11.3625	-9.15533567688293
11.375	-9.15955815073671
11.3875	-9.16551880029619
11.4	-9.17118754812726
11.4125	-9.17713871858785
11.425	-9.18288028425455
11.4375	-9.18723564138983
11.45	-9.19082923791162
11.4625	-9.19489516519945
11.475	-9.19866275016012
11.4875	-9.20274701887718
11.5	-9.20797072871889
11.5125	-9.21276652000575
11.525	-9.21632291947792
11.5375	-9.22003215951603
11.55	-9.22434795142229
11.5625	-9.22872812643904
11.575	-9.23406694143002
11.5875	-9.23975748910975
11.6	-9.24459075135628
11.6125	-9.24992728254762
11.625	-9.25479173972731
11.6375	-9.26060994418949
11.65	-9.26576805252013
11.6625	-9.26906054969906
11.675	-9.28114118214802
11.6875	-9.29133723108742
11.7	-9.33322231647659
11.7125	-9.38030889158488
11.725	-9.44380938633174
11.7375	-9.53243516528703
11.75	-9.62004785601936
11.7625	-9.64613075622335
11.775	-9.65904711413116
11.7875	-9.7194476811941
11.8	-9.7751953355244
11.8125	-9.81940410197695
11.825	-9.88347882207638
11.8375	-9.97742926677279
11.85	-10.0762555996672
11.8625	-10.1799095277286
11.875	-10.2459546995192
11.8875	-10.3022329606428
11.9	-10.3451832612288
11.9125	-10.4533330199966
11.925	-10.4938670256402
11.9375	-10.538584023905
11.95	-10.5972184057773
11.9625	-10.6634456384292
11.975	-10.7815976157862
11.9875	-10.8221306425623
12	-10.8798028253542
12.0125	-10.9504256139167
12.025	-11.0393108491574
12.0375	-11.0640478310157
12.05	-11.1012270187561
12.0625	-11.196923442498
12.075	-11.2928865654576
12.0875	-11.4468481346073
12.1	-11.5696212893025
12.1125	-11.6562439215804
12.125	-11.7644146540321
12.1375	-11.846338203521
12.15	-11.9567056662038
12.1625	-12.0263906996719
12.175	-12.0971338013643
12.1875	-12.1713615737523
12.2	-12.2418005050093
12.2125	-12.3262789524673
12.225	-12.3824737798824
12.2375	-12.4738042652834
12.25	-12.5577287127882
12.2625	-12.5814787368887
12.275	-12.6401934961966
12.2875	-12.6921563249731
12.3	-12.7441363827826
12.3125	-12.7798194602166
12.325	-12.8325634175297
12.3375	-12.8678353314808
12.35	-12.9108342319635
12.3625	-12.9294516466024
12.375	-13.0017041482483
12.3875	-13.0397334338328
12.4	-13.1284297505909
12.4125	-13.1603264943144
12.425	-13.2093427644271
12.4375	-13.256356785763
12.45	-13.3071404633182
12.4625	-13.3354400063165
12.475	-13.397602755833
12.4875	-13.4449774208164
12.5	-13.5237827668395
12.5125	-13.5475619779941
12.525	-13.6047460524053
12.5375	-13.6943249060769
12.55	-13.7836296254298
12.5625	-13.7984810787286
12.575	-13.885509541706
12.5875	-13.9396762836881
12.6	-13.9955776901368
12.6125	-14.0130936348999
12.625	-14.0741249133645
12.6375	-14.1010202563155
12.65	-14.1352225096989
12.6625	-14.1781159733806
12.675	-14.2395629573975
12.6875	-14.2785415213513
12.7	-14.3544088244482
12.7125	-14.464146587322
12.725	-14.5233456434246
12.7375	-14.6433674031883
12.75	-14.6729816263354
12.7625	-14.7285264285213
12.775	-14.8044813736628
12.7875	-14.8443808719988
12.8	-14.8818217978096
12.8125	-14.8979121167024
12.825	-14.9263995884859
12.8375	-14.9567312941126
12.85	-14.9586210963188
12.8625	-14.9817914479937
12.875	-14.9991697473724
12.8875	-15.0355356537993
12.9	-15.068390694644
12.9125	-15.1065282823847
12.925	-15.1437607819507
12.9375	-15.2028686726223
12.95	-15.245642591248
12.9625	-15.2872577763953
12.975	-15.3628281709028
12.9875	-15.4329543908129
13	-15.5082143238821
13.0125	-15.5475682438232
13.025	-15.6143523113894
13.0375	-15.662443555897
13.05	-15.7216219617013
13.0625	-15.7486660372199
13.075	-15.7847365011169
13.0875	-15.8375063800241
13.1	-15.8594287295393
13.1125	-15.8801857257429
13.125	-15.9111594233513
13.1375	-15.9564766151352
13.15	-16.0218956267582
13.1625	-16.0554507335358
13.175	-16.084743891987
13.1875	-16.1119127149552
13.2	-16.1402821226286
13.2125	-16.1681330538934
13.225	-16.1933441290848
13.2375	-16.2379293411229
13.25	-16.2596275551317
13.2625	-16.2746586650663
13.275	-16.2918120394799
13.2875	-16.3223686356286
13.3	-16.3721125519584
13.3125	-16.4193171266644
13.325	-16.466696023623
13.3375	-16.5189633988513
13.35	-16.5434174590525
13.3625	-16.5584722989757
13.375	-16.5697697668064
13.3875	-16.5891421889334
13.4	-16.6178644118089
13.4125	-16.6287690538717
13.425	-16.6383748602305
13.4375	-16.6608984310487
13.45	-16.6717507535283
13.4625	-16.6900092133636
13.475	-16.7188930849212
13.4875	-16.7522046383944
13.5	-16.7828541518861
13.5125	-16.8477035715749
13.525	-16.9079760124033
13.5375	-16.9442863745136
13.55	-17.0187180456233
13.5625	-17.0626224011251
13.575	-17.108133114614
13.5875	-17.1580964000892
13.6	-17.1989734276507
13.6125	-17.2242416079508
13.625	-17.2798560153891
13.6375	-17.3168840701078
13.65	-17.3646352528068
13.6625	-17.4074338023275
13.675	-17.4631938834982
13.6875	-17.5157941070823
13.7	-17.5394046545998
13.7125	-17.5631197564388
13.725	-17.579971265956
13.7375	-17.5992233966517
13.75	-17.6219217587167
13.7625	-17.6491000206211
13.775	-17.6594322234485
13.7875	-17.6804022326218
13.8	-17.7286159695237
13.8125	-17.790796404988
13.825	-17.8413496431796
13.8375	-17.9223356735294
13.85	-17.9900178877761
13.8625	-18.0280852088637
13.875	-18.0731900333717
13.8875	-18.1349351292831
13.9	-18.1664132529057
13.9125	-18.2041226968057
13.925	-18.2368184928014
13.9375	-18.3095104899391
13.95	-18.3720773018658
13.9625	-18.4134791887713
13.975	-18.5129359703175
13.9875	-18.5646146885093
14	-18.654023776883
14.0125	-18.7385141666912
14.025	-18.7833384171993
14.0375	-18.8333214184403
14.05	-18.9076450619704
14.0625	-18.9657092561431
14.075	-19.0173801846444
14.0875	-19.0706671636749
14.1	-19.1123354759654
14.1125	-19.1457482036767
14.125	-19.1852777220652
14.1375	-19.2159295653337
14.15	-19.2408920968467
14.1625	-19.294947516443
14.175	-19.3610408594936
14.1875	-19.3900412215803
14.2	-19.4588618894476
14.2125	-19.4981627530184
14.225	-19.5134652711585
14.2375	-19.537050789812
14.25	-19.5617834359875
14.2625	-19.5889566810002
14.275	-19.6783880644875
14.2875	-19.7400082190733
14.3	-19.7971931315138
14.3125	-19.8522151209073
14.325	-19.9091835081501
14.3375	-19.9726328799113
14.35	-19.9888114600558
14.3625	-20.0161147100827
14.375	-20.0422433358329
14.3875	-20.0865699420081
14.4	-20.1459768967426
14.4125	-20.1971628223955
14.425	-20.2455248906573
14.4375	-20.2890327738423
14.45	-20.3243648813437
14.4625	-20.3661548492639
14.475	-20.3913667163229
14.4875	-20.4059552235733
14.5	-20.429307825262
14.5125	-20.4533791670512
14.525	-20.4755457131808
14.5375	-20.4852359170672
14.55	-20.4962570434634
14.5625	-20.5155839188033
14.575	-20.5390975488692
14.5875	-20.5514384049787
14.6	-20.5694437118682
14.6125	-20.5783018496491
14.625	-20.587444601957
14.6375	-20.6021397655464
14.65	-20.6107098600126
14.6625	-20.6280744538433
14.675	-20.6356545304867
14.6875	-20.6468306927263
14.7	-20.6749001689947
14.7125	-20.6880518673147
14.725	-20.7007349481857
14.7375	-20.7153377723605
14.75	-20.7274624228938
14.7625	-20.7486177280115
14.775	-20.7551767251356
14.7875	-20.76517778968
14.8	-20.7690531160321
14.8125	-20.7706870031305
14.825	-20.7646530839566
14.8375	-20.7751962864473
14.85	-20.7995424342974
14.8625	-20.8047918525687
14.875	-20.8189546473816
14.8875	-20.8247596782799
14.9	-20.8270924030043
14.9125	-20.8372761673707
14.925	-20.8361505058821
14.9375	-20.8294140190825
14.95	-20.8281546744501
14.9625	-20.8361236896426
14.975	-20.8453103834118
14.9875	-20.8676078102625
15	-20.8794627909138
15.0125	-20.9109473328522
15.025	-20.9345490284591
15.0375	-20.9542033005116
15.05	-20.9868322576149
15.0625	-21.0047049528398
15.075	-21.0198668220181
15.0875	-21.0341035947739
15.1	-21.0550148435628
15.1125	-21.068253932913
15.125	-21.1170717435893
15.1375	-21.1428162144235
15.15	-21.170929398891
15.1625	-21.1850964555217
15.175	-21.2112330472352
15.1875	-21.2232580172551
15.2	-21.2374948409618
15.2125	-21.2563275844892
15.225	-21.2779368368959
15.2375	-21.3085016754923
15.25	-21.329122515583
15.2625	-21.3490852743837
15.275	-21.3644647198176
15.2875	-21.3903358277976
15.3	-21.404940630722
15.3125	-21.4132831956207
15.325	-21.4404382075555
15.3375	-21.4710219878485
15.35	-21.4992934653759
15.3625	-21.527810978958
15.375	-21.5401510209161
15.3875	-21.5586002302316
15.4	-21.5775169449226
15.4125	-21.5912184449461
15.425	-21.6174678515962
15.4375	-21.6313964012512
15.45	-21.6584142603282
15.4625	-21.6646203104464
15.475	-21.6889335258632
15.4875	-21.6965840820813
15.5	-21.7298454759825
15.5125	-21.7570646835385
15.525	-21.7775608330876
15.5375	-21.8019031458711
15.55	-21.8204438302795
15.5625	-21.8426224677859
15.575	-21.8499180818402
15.5875	-21.8742316575371
15.6	-21.8847510940821
15.6125	-21.9078988665894
15.625	-21.9150770448039
15.6375	-21.9199703704563
15.65	-21.939235962579
15.6625	-21.9579096647065
15.675	-21.969227519641
15.6875	-21.9818204747628
15.7	-21.9987866383105
15.7125	-22.0223367674842
15.725	-22.0314546890755
15.7375	-22.0399339600745
15.75	-22.049682610612
15.7625	-22.0604392196769
15.775	-22.0710416254442
15.7875	-22.0923518889702
15.8	-22.1146486768766
15.8125	-22.1138490576198
15.825	-22.1219902231857
15.8375	-22.1321547106455
15.85	-22.1327500668649
15.8625	-22.1436134155531
15.875	-22.1537414241214
15.8875	-22.1589120597891
15.9	-22.1675199411528
15.9125	-22.180659750478
15.925	-22.1916830628819
15.9375	-22.2014630334252
15.95	-22.2157349809976
15.9625	-22.2207640560977
15.975	-22.2257865231435
15.9875	-22.2374204181557
16	-22.2438976904702
16.0125	-22.2559019891686
16.025	-22.2712289930881
16.0375	-22.2767454408399
16.05	-22.2952739341468
16.0625	-22.3039364868051
16.075	-22.3202483067095
16.0875	-22.32734550626
16.1	-22.3425355136714
16.1125	-22.356784250868
16.125	-22.3673751509633
16.1375	-22.3868296287973
16.15	-22.3958104383394
16.1625	-22.4017844783891
16.175	-22.4113089579423
16.1875	-22.4324598992441
16.2	-22.4455677881435
16.2125	-22.4535966274807
16.225	-22.4686458244655
16.2375	-22.4829512305556
16.25	-22.4955927996773
16.2625	-22.5128181677331
16.275	-22.5250240633151
16.2875	-22.5366613300893
16.3	-22.5555896850536
16.3125	-22.586926787298
16.325	-22.6067178616655
16.3375	-22.6323129849045
16.35	-22.6444712492616
16.3625	-22.672243701783
16.375	-22.6787230268862
16.3875	-22.6958720375972
16.4	-22.7051554992856
16.4125	-22.7193337814504
16.425	-22.7326764770309
16.4375	-22.7418406287016
16.45	-22.7533740167216
16.4625	-22.7692634939396
16.475	-22.8018892026468
16.4875	-22.825791079386
16.5	-22.8340124937431
16.5125	-22.8498193932822
16.525	-22.8602991538564
16.5375	-22.8760617136924
16.55	-22.8979917539128
16.5625	-22.9045396441543
16.575	-22.9125267657155
16.5875	-22.9243657142397
16.6	-22.951086437472
16.6125	-23.0012270973196
16.625	-23.0201853031053
16.6375	-23.0769365456711
16.65	-23.1382803795433
16.6625	-23.1611465649843
16.675	-23.1934841754015
16.6875	-23.2249334587201
16.7	-23.2805055522345
16.7125	-23.3166541138587
16.725	-23.356893564342
16.7375	-23.3850640094643
16.75	-23.3945397423261
16.7625	-23.4129041523205
16.775	-23.4252165566141
16.7875	-23.4356562413364
16.8	-23.4488507525273
16.8125	-23.4618906627357
16.825	-23.4698269512222
16.8375	-23.4821707082733
16.85	-23.4852819241709
16.8625	-23.4965582477252
16.875	-23.5007076793228
16.8875	-23.5073058689752
16.9	-23.5132549412923
16.9125	-23.5162870061858
16.925	-23.5176173589061
16.9375	-23.5309504091113
16.95	-23.5689856242291
16.9625	-23.5961080029661
16.975	-23.6006758815231
16.9875	-23.6006933337362
17	-23.6063726190649
17.0125	-23.6123522104185
17.025	-23.6290736974552
17.0375	-23.6336699888379
17.05	-23.6421028510467
17.0625	-23.6501943225734
17.075	-23.6487364664207
17.0875	-23.6578024421927
17.1	-23.6684622380054
17.1125	-23.6715809273472
17.125	-23.6750014904212
17.1375	-23.6661872564048
17.15	-23.6575542610688
17.1625	-23.6961114158994
17.175	-23.6673433938978
17.1875	-23.6950641148749
17.2	-23.6843974924828
17.2125	-23.6759336916924
17.225	-23.6622333477193
17.2375	-23.6305465336564
17.25	-23.6055154604734
17.2625	-23.6487609061919
17.275	-23.6601031190264
17.2875	-23.6392875146413
17.3	-23.6325453905515
17.3125	-23.5923539590355
17.325	-23.5956493366826
17.3375	-23.5804960162151
17.35	-23.5875319718663
17.3625	-23.5825115264909
17.375	-23.5982944864216
17.3875	-23.598547165908
17.4	-23.5933947272448
17.4125	-23.6028697234564
17.425	-23.6040902404821
17.4375	-23.6194111262532
17.45	-23.6350257096581
17.4625	-23.6622835606088
17.475	-23.669827723372
17.4875	-23.7021164276318
17.5	-23.7205239083003
17.5125	-23.7314028861793
17.525	-23.7607160396839
17.5375	-23.7666353002856
17.55	-23.7680756493545
17.5625	-23.7779153151276
17.575	-23.7756165113161
17.5875	-23.7805317498598
17.6	-23.7921272911631
17.6125	-23.7956850947189
17.625	-23.7908454706617
17.6375	-23.8131134699264
17.65	-23.8265086366644
17.6625	-23.8411062637848
17.675	-23.8501716739304
17.6875	-23.8616769176487
17.7	-23.8771965259583
17.7125	-23.886347657845
17.725	-23.9045353390822
17.7375	-23.9326826659554
17.75	-23.9584597783192
17.7625	-23.9860351473294
17.775	-24.0258576109011
17.7875	-24.0334259538085
17.8	-24.0637900580304
17.8125	-24.0773024021395
17.825	-24.0931356959637
17.8375	-24.1317237642978
17.85	-24.1323195610772
17.8625	-24.13443710144
17.875	-24.1461902049462
17.8875	-24.1601882790632
17.9	-24.1856765208887
17.9125	-24.2231648348243
17.925	-24.2408898702279
17.9375	-24.251329512534
17.95	-24.2851328939701
17.9625	-24.3030996620729
17.975	-24.3135501438313
17.9875	-24.3274009653677
18	-24.3395683638767
18.0125	-24.3686671131823
18.025	-24.3896022905596
18.0375	-24.4175537935316
18.05	-24.4314960981291
18.0625	-24.4458649690063
18.075	-24.4642443261619
18.0875	-24.4788033300174
18.1	-24.4882439615718
18.1125	-24.4987071461738
18.125	-24.5122197146702
18.1375	-24.5226786737108
18.15	-24.540194495739
18.1625	-24.5469831767365
18.175	-24.5624016205763
18.1875	-24.5853244110901
18.2	-24.6034626473062
18.2125	-24.6150081296979
18.225	-24.6235132857827
18.2375	-24.6483638958715
18.25	-24.6559038314795
18.2625	-24.6785019215344
18.275	-24.686164753421
18.2875	-24.6832713242308
18.3	-24.6818834845504
18.3125	-24.6811861865991
18.325	-24.6638981103326
18.3375	-24.6845043684178
18.35	-24.7223852980919
18.3625	-24.7174015065071
18.375	-24.6896912323893
18.3875	-24.7003073817062
18.4	-24.6935134252588
18.4125	-24.7022360818276
18.425	-24.7107354653589
18.4375	-24.7175461030428
18.45	-24.7078232806212
18.4625	-24.7198708797849
18.475	-24.7195518892598
18.4875	-24.7173870619302
18.5	-24.7205574155028
18.5125	-24.729568341059
18.525	-24.7432329562393
18.5375	-24.7462372892917
18.55	-24.7459363980455
18.5625	-24.7438531075445
18.575	-24.7492926593609
18.5875	-24.7507219761483
18.6	-24.7536790312638
18.6125	-24.7378601906117
18.625	-24.7318412912846
18.6375	-24.730233217721
18.65	-24.6986597820714
18.6625	-24.7167418216082
18.675	-24.6911393330892
18.6875	-24.6462470837705
18.7	-24.6125856827134
18.7125	-24.6337669000325
18.725	-24.6464265924326
18.7375	-24.643795561852
18.75	-24.6529595030857
18.7625	-24.6599004566573
18.775	-24.6545575577428
18.7875	-24.6629550770357
18.8	-24.6762783577718
18.8125	-24.6679188167853
18.825	-24.6801614617206
18.8375	-24.7295091480501
18.85	-24.725561817681
18.8625	-24.7284071792468
18.875	-24.7533323985034
18.8875	-24.7397364931827
18.9	-24.753271097298
18.9125	-24.7602463638934
18.925	-24.7805304433864
18.9375	-24.7849722245579
18.95	-24.7902598483094
18.9625	-24.7924356682362
18.975	-24.7951621804173
18.9875	-24.7902672881744
19	-24.7988800301241
19.0125	-24.7974265610308
19.025	-24.7945496630398
19.0375	-24.8106808003525
19.05	-24.8153352755906
19.0625	-24.8195314685563
19.075	-24.813013904173
19.0875	-24.7900097637112
19.1	-24.7772498647278
19.1125	-24.7632331980585
19.125	-24.753991684703
19.1375	-24.7671217119482
19.15	-24.7467780560765
19.1625	-24.7294286172062
19.175	-24.7372218122119
19.1875	-24.7439594476757
19.2	-24.7524289456086
19.2125	-24.7756258393898
19.225	-24.8067616226619
19.2375	-24.8205172842237
19.25	-24.8369422591097
19.2625	-24.8459842857467
19.275	-24.8566809552992
19.2875	-24.8478817999488
19.3	-24.8516321497217
19.3125	-24.8569857535256
19.325	-24.8779978004652
19.3375	-24.9232239877854
19.35	-24.9342327307523
19.3625	-24.9353672150519
19.375	-24.9495857252173
19.3875	-24.9553037700481
19.4	-24.9421952664105
19.4125	-24.9367635531912
19.425	-24.9436667746651
19.4375	-24.9316285655567
19.45	-24.949031145692
19.4625	-24.9649711350966
19.475	-24.9590072418086
19.4875	-24.9578234297833
19.5	-24.9575050671069
19.5125	-24.9622150712167
19.525	-24.9675610615937
19.5375	-24.9767381032154
19.55	-24.9804332543484
19.5625	-24.9871549264372
19.575	-24.9981368969291
19.5875	-25.0149462902552
19.6	-25.0237045066609
19.6125	-25.0339351130894
19.625	-25.036106597936
19.6375	-25.0261464819843
19.65	-25.0317814059206
19.6625	-25.0447331890204
19.675	-25.0559943706549
19.6875	-25.0626360758989
19.7	-25.0756864762685
19.7125	-25.0897997065072
19.725	-25.0956830038044
19.7375	-25.1053947749477
19.75	-25.1062049935243
19.7625	-25.1428346641465
19.775	-25.1622854857389
19.7875	-25.1765211673699
19.8	-25.1768331910583
19.8125	-25.1707527732986
19.825	-25.2065699705686
19.8375	-25.224267979177
19.85	-25.2254565446663
19.8625	-25.225548543759
19.875	-25.2427690456294
19.8875	-25.2491222119772
19.9	-25.258870173757
19.9125	-25.266885502687
19.925	-25.2821246677415
19.9375	-25.2960803525731
19.95	-25.3182472466932
19.9625	-25.334696438772
19.975	-25.3516940327255
19.9875	-25.362758181501
20	-25.3868832687024
20.0125	-25.4150538219201
20.025	-25.4437619003612
20.0375	-25.458542687265
20.05	-25.4674191939263
20.0625	-25.4840544762352
20.075	-25.5085984142153
20.0875	-25.5177445663375
20.1	-25.5245607684013
20.1125	-25.5236892962015
20.125	-25.5280188361924
20.1375	-25.5403016557358
20.15	-25.5422611906633
20.1625	-25.5446587837643
20.175	-25.5511424105822
20.1875	-25.5579050866199
20.2	-25.5709742650543
20.2125	-25.5776412344501
20.225	-25.5824300470231
20.2375	-25.5887572030264
20.25	-25.5942203960156
20.2625	-25.6183350698601
20.275	-25.6281089821304
20.2875	-25.642843300063
20.3	-25.6472592163029
20.3125	-25.6457141092488
20.325	-25.6526171049869
20.3375	-25.6601227710068
20.35	-25.6662148977168
20.3625	-25.6705859010881
20.375	-25.6774989883342
20.3875	-25.68001367039
20.4	-25.6909150323404
20.4125	-25.7003150645156
20.425	-25.708946243073
20.4375	-25.7212237132436
20.45	-25.7301081461574
20.4625	-25.7416057393666
20.475	-25.7507000182916
20.4875	-25.7606318200592
20.5	-25.7679356500276
20.5125	-25.7705246476007
20.525	-25.774993308531
20.5375	-25.7807159954303
20.55	-25.7891555518086
20.5625	-25.791641765917
20.575	-25.7993439569845
20.5875	-25.8036001993385
20.6	-25.8105788026749
20.6125	-25.8151833013531
20.625	-25.8250133596935
20.6375	-25.8406572438492
20.65	-25.8478482330687
20.6625	-25.8546513638232
20.675	-25.8586287088852
20.6875	-25.8599719980328
20.7	-25.8696555626791
20.7125	-25.8713041036093
20.725	-25.873545634783
20.7375	-25.8828504351143
20.75	-25.8841389711093
20.7625	-25.8865113646753
20.775	-25.8972050590943
20.7875	-25.9016226510898
20.8	-25.9059135216228
20.8125	-25.9138436696697
20.825	-25.9159760557483
20.8375	-25.92216226223
20.85	-25.9254921942916
20.8625	-25.9230915825163
20.875	-25.9223193795511
20.8875	-25.9266979931069
20.9	-25.9301946770971
20.9125	-25.9391327333983
20.925	-25.9427732163329
20.9375	-25.9435573837296
20.95	-25.9591170951509
20.9625	-25.9639650287879
20.975	-25.9643767461207
20.9875	-25.9690745663307
21	-25.9727223049746
21.0125	-25.9781348312046
21.025	-25.9852614899636
21.0375	-25.9930133078077
21.05	-25.9965836394934
21.0625	-25.999882255854
21.075	-26.0086030907806
21.0875	-26.014265984521
21.1	-26.0216951633312
21.1125	-26.0218313300164
21.125	-26.0197629458203
21.1375	-26.0264106526511
21.15	-26.0341564030245
21.1625	-26.0401825643252
21.175	-26.0434655939918
21.1875	-26.0472935768814
21.2	-26.0528694329687
21.2125	-26.0620359689009
21.225	-26.0679296921213
21.2375	-26.0736259561428
21.25	-26.0799983271484
21.2625	-26.0804025426082
21.275	-26.0835761207774
21.2875	-26.0939810619493
21.3	-26.097825516478
21.3125	-26.1013869365145
21.325	-26.1054763704023
21.3375	-26.1071317185304
21.35	-26.1098833321756
21.3625	-26.1105448386603
21.375	-26.1129859992485
21.3875	-26.1164237845164
21.4	-26.1191153805011
21.4125	-26.1202591884483
21.425	-26.1198298417837
21.4375	-26.1218411520923
21.45	-26.1223061002424
21.4625	-26.1233105204629
21.475	-26.1222449910858
21.4875	-26.1240589997814
21.5	-26.1266819533312
21.5125	-26.1285550717022
21.525	-26.1295371084526
21.5375	-26.1330980841339
21.55	-26.1352725658701
21.5625	-26.1384255556122
21.575	-26.1471473429756
21.5875	-26.1446644115036
21.6	-26.144534479095
21.6125	-26.1440431835893
21.625	-26.1442637256059
21.6375	-26.1503459271708
21.65	-26.1540294846863
21.6625	-26.1541257002268
21.675	-26.1554894178537
21.6875	-26.1569154025263
21.7	-26.1652656177484
21.7125	-26.1696509915921
21.725	-26.1723732297831
21.7375	-26.1762612690164
21.75	-26.1765697381893
21.7625	-26.1840549350843
21.775	-26.1873692999793
21.7875	-26.1913589981265
21.8	-26.1926806598007
21.8125	-26.1935248674532
21.825	-26.1951478584786
21.8375	-26.1983140065666
21.85	-26.198397880465
21.8625	-26.1980981110244
21.875	-26.2001146645764
21.8875	-26.2020070926679
21.9	-26.2042336041772
21.9125	-26.2046402488706
21.925	-26.2060613193714
21.9375	-26.201349128505
21.95	-26.2030656418238
21.9625	-26.2051137503987
21.975	-26.2077537590138
21.9875	-26.2144107846972
22	-26.2187284994545
22.0125	-26.2253151374564
22.025	-26.2267310472837
22.0375	-26.229789765556
22.05	-26.2309212517101
22.0625	-26.2332869678729
22.075	-26.236353914463
22.0875	-26.2434734693058
22.1	-26.2450653439464
22.1125	-26.2440761298316
22.125	-26.2451925559261
22.1375	-26.2530742041851
22.15	-26.2530424343076
22.1625	-26.2565427137747
22.175	-26.2613869310401
22.1875	-26.26068108095
22.2	-26.2614959071564
22.2125	-26.2642660714649
22.225	-26.2649132122897
22.2375	-26.2647746564386
22.25	-26.2666305810646
22.2625	-26.2694637469875
22.275	-26.2724887878331
22.2875	-26.2748129918752
22.3	-26.2768199807942
22.3125	-26.2767601897415
22.325	-26.2747239726466
22.3375	-26.2752490733765
22.35	-26.2754609390815
22.3625	-26.2720794626824
22.375	-26.2748852503539
22.3875	-26.2820128638616
22.4	-26.2844106337349
22.4125	-26.2859031150563
22.425	-26.2900094436743
22.4375	-26.2958842970709
22.45	-26.3076764615378
22.4625	-26.3159350131119
22.475	-26.3207796387377
22.4875	-26.3216092736085
22.5	-26.3270841925017
22.5125	-26.3326940741412
22.525	-26.3371479581979
22.5375	-26.346709538382
22.55	-26.3509609866647
22.5625	-26.3543508361435
22.575	-26.3625864678378
22.5875	-26.3616424079556
22.6	-26.3636614980834
22.6125	-26.3649637832358
22.625	-26.3675487250915
22.6375	-26.3705927371153
22.65	-26.3745248999823
22.6625	-26.3769168529532
22.675	-26.3778523793732
22.6875	-26.377302673663
22.7	-26.376118624372
22.7125	-26.3800180297687
22.725	-26.3781246664779
22.7375	-26.3779676650207
22.75	-26.3783987913346
22.7625	-26.3798692805922
22.775	-26.3804587151542
22.7875	-26.3824541181927
22.8	-26.3839179885704
22.8125	-26.3853123296316
22.825	-26.3902712770614
22.8375	-26.3944736859834
22.85	-26.3884474408033
22.8625	-26.3927559504101
22.875	-26.3911503991901
22.8875	-26.3954648137837
22.9	-26.3992094478845
22.9125	-26.4036839287345
22.925	-26.4038388132409
22.9375	-26.402485860256
22.95	-26.4030048859669
22.9625	-26.4059819586902
22.975	-26.4066166699465
22.9875	-26.4089180866908
23	-26.4131763101446
23.0125	-26.4172610536852
23.025	-26.4166337549814
23.0375	-26.4206943245032
23.05	-26.4230490958939
23.0625	-26.4283199989558
23.075	-26.4231553307292
23.0875	-26.4227438899379
23.1	-26.4221424383135
23.1125	-26.4227029989383
23.125	-26.4219499976405
23.1375	-26.423890424873
23.15	-26.4247671968431
23.1625	-26.4276600895917
23.175	-26.4241170248947
23.1875	-26.4217247778178
23.2	-26.4188744286991
23.2125	-26.423061741599
23.225	-26.4242381059932
23.2375	-26.4237091911989
23.25	-26.4226883001265
23.2625	-26.4232917024942
23.275	-26.4265942464263
23.2875	-26.4278341443599
23.3	-26.4318191048416
23.3125	-26.4298208014427
23.325	-26.4346059942182
23.3375	-26.4398692264349
23.35	-26.4417527053198
23.3625	-26.4471222095247
23.375	-26.4501604497998
23.3875	-26.4531920255378
23.4	-26.4486830074909
23.4125	-26.453916627476
23.425	-26.4511914337903
23.4375	-26.4502127774689
23.45	-26.4491087963701
23.4625	-26.4501007632688
23.475	-26.4518877025001
23.4875	-26.4525268564856
23.5	-26.4566753254419
23.5125	-26.4733681086227
23.525	-26.483360697562
23.5375	-26.490073785695
23.55	-26.4925688877808
23.5625	-26.4924862330496
23.575	-26.4994552756118
23.5875	-26.5017724851275
23.6	-26.5048217219589
23.6125	-26.5106347020052
23.625	-26.5183371007875
23.6375	-26.5369417510567
23.65	-26.5437949070601
23.6625	-26.5539347547488
23.675	-26.5562673998357
23.6875	-26.5590804393566
23.7	-26.560128267472
23.7125	-26.5580060596696
23.725	-26.5600171629192
23.7375	-26.5595574060787
23.75	-26.5603975629186
23.7625	-26.5634272228978
23.775	-26.5674865051378
23.7875	-26.5681074369281
23.8	-26.5712625583603
23.8125	-26.5667398035461
23.825	-26.5675451377978
23.8375	-26.568823312808
23.85	-26.5698311772691
23.8625	-26.569999209471
23.875	-26.5747142526938
23.8875	-26.5745886926229
23.9	-26.5728509843739
23.9125	-26.5743576748108
23.925	-26.5760570563967
23.9375	-26.5745137512532
23.95	-26.5760507873962
23.9625	-26.5780895622865
23.975	-26.5777491828377
23.9875	-26.5795140947523
24	-26.5801718741213
24.0125	-26.5847768249273
24.025	-26.5887162520272
24.0375	-26.5932437734943
24.05	-26.5955785522294
24.0625	-26.6030332901995
24.075	-26.6196289790813
24.0875	-26.6250236127857
24.1	-26.6280099193224
24.1125	-26.6267095731829
24.125	-26.6269193449008
24.1375	-26.6273468281368
24.15	-26.6293090959931
24.1625	-26.6303836347812
24.175	-26.6331901433856
24.1875	-26.6356968522287
24.2	-26.6353078710681
24.2125	-26.6379426830251
24.225	-26.6388470757918
24.2375	-26.6394879002866
24.25	-26.6398429445308
24.2625	-26.6420346196532
24.275	-26.6445205461004
24.2875	-26.6478196120721
24.3	-26.6490121471537
24.3125	-26.6472483874089
24.325	-26.6485839046073
24.3375	-26.6625003643664
24.35	-26.6703676941319
24.3625	-26.6724263185184
24.375	-26.6729201699565
24.3875	-26.6802091731803
24.4	-26.6850560431408
24.4125	-26.6878846052697
24.425	-26.6908396692211
24.4375	-26.6947159303444
24.45	-26.7021939088288
24.4625	-26.7048789909715
24.475	-26.7053068223314
24.4875	-26.7069983481115
24.5	-26.7080002659364
24.5125	-26.7122981819988
24.525	-26.7157308940638
24.5375	-26.7171927614135
24.55	-26.7195098041448
24.5625	-26.7279030616361
24.575	-26.7313726127244
24.5875	-26.732717538444
24.6	-26.732717538444
24.6125	-26.732717538444
24.625	-26.732717538444
24.6375	-26.732717538444
24.65	-26.732717538444
24.6625	-26.732717538444
24.675	-26.732717538444
24.6875	-26.732717538444
24.7	-26.732717538444
24.7125	-26.732717538444
24.725	-26.732717538444
24.7375	-26.732717538444
24.75	-26.732717538444
24.7625	-26.732717538444
24.775	-26.732717538444
24.7875	-26.732717538444
24.8	-26.732717538444
24.8125	-26.732717538444
24.825	-26.732717538444
24.8375	-26.732717538444
24.85	-26.732717538444
24.8625	-26.732717538444
24.875	-26.732717538444
24.8875	-26.732717538444
24.9	-26.732717538444
24.9125	-26.732717538444
24.925	-26.732717538444
24.9375	-26.732717538444
24.95	-26.732717538444
24.9625	-26.732717538444
24.975	-26.732717538444
24.9875	-26.732717538444
25	-26.732717538444
25.0125	-26.732717538444
25.025	-26.732717538444
25.0375	-26.732717538444
25.05	-26.732717538444
25.0625	-26.732717538444
25.075	-26.732717538444
25.0875	-26.732717538444
25.1	-26.732717538444
25.1125	-26.732717538444
25.125	-26.732717538444
25.1375	-26.732717538444
25.15	-26.732717538444
25.1625	-26.732717538444
25.175	-26.732717538444
25.1875	-26.732717538444
25.2	-26.732717538444
25.2125	-26.732717538444
25.225	-26.732717538444
25.2375	-26.732717538444
25.25	-26.732717538444
25.2625	-26.732717538444
25.275	-26.732717538444
25.2875	-26.732717538444
25.3	-26.732717538444
25.3125	-26.732717538444
25.325	-26.732717538444
25.3375	-26.732717538444
25.35	-26.732717538444
25.3625	-26.732717538444
25.375	-26.732717538444
25.3875	-26.732717538444
25.4	-26.732717538444
25.4125	-26.732717538444
25.425	-26.732717538444
25.4375	-26.732717538444
25.45	-26.732717538444
25.4625	-26.732717538444
25.475	-26.732717538444
25.4875	-26.732717538444
25.5	-26.732717538444
25.5125	-26.732717538444
25.525	-26.732717538444
25.5375	-26.732717538444
25.55	-26.732717538444
25.5625	-26.732717538444
25.575	-26.732717538444
25.5875	-26.732717538444
25.6	-26.732717538444
25.6125	-26.732717538444
25.625	-26.732717538444
25.6375	-26.732717538444
25.65	-26.732717538444
25.6625	-26.732717538444
25.675	-26.732717538444
25.6875	-26.732717538444
25.7	-26.732717538444
25.7125	-26.732717538444
25.725	-26.732717538444
25.7375	-26.732717538444
25.75	-26.732717538444
25.7625	-26.732717538444
25.775	-26.732717538444
25.7875	-26.732717538444
25.8	-26.732717538444
25.8125	-26.732717538444
25.825	-26.732717538444
25.8375	-26.732717538444
25.85	-26.732717538444
25.8625	-26.732717538444
25.875	-26.732717538444
25.8875	-26.732717538444
25.9	-26.7327097919115
25.9125	-26.7327084833474
25.925	-26.733367612325
25.9375	-26.735128372681
25.95	-26.7372411765556
25.9625	-26.7415232814454
25.975	-26.7430251351711
25.9875	-26.7455511067454
26	-26.7487673223878
26.0125	-26.7573993971883
26.025	-26.7638882836216
26.0375	-26.7696026904718
26.05	-26.7727911274989
26.0625	-26.7759481054999
26.075	-26.7775789921533
26.0875	-26.781654444498
26.1	-26.7831887208182
26.1125	-26.7898774043871
26.125	-26.7976042229869
26.1375	-26.8128616678683
26.15	-26.8209723079478
26.1625	-26.8257516864554
26.175	-26.8310448221344
26.1875	-26.8357936573379
26.2	-26.8433291177779
26.2125	-26.8493224586167
26.225	-26.8521660137909
26.2375	-26.8558329106837
26.25	-26.860905383471
26.2625	-26.8687395277221
26.275	-26.8773259108913
26.2875	-26.886217646682
26.3	-26.8914507980649
26.3125	-26.8987241760184
26.325	-26.9251981986399
26.3375	-26.931521611959
26.35	-26.9397079673247
26.3625	-26.9482728477516
26.375	-26.9473552868769
26.3875	-26.9533720637343
26.4	-26.9643710375109
26.4125	-26.9745458474436
26.425	-26.9787108165341
26.4375	-26.9820636123643
26.45	-26.9840154363872
26.4625	-26.986818816674
26.475	-26.9916330549023
26.4875	-26.9950697043417
26.5	-26.9868893448051
26.5125	-26.9954795383123
26.525	-27.0117627911542
26.5375	-27.0159384265081
26.55	-27.0232321459424
26.5625	-27.0275834784054
26.575	-27.0324150461158
26.5875	-27.0541869040819
26.6	-27.0579148610356
26.6125	-27.0610073991031
26.625	-27.0702274461826
26.6375	-27.0783763370362
26.65	-27.096622387544
26.6625	-27.1010923829271
26.675	-27.1092779054278
26.6875	-27.1210012185274
26.7	-27.1196144010892
26.7125	-27.1302635477537
26.725	-27.1309472844454
26.7375	-27.140784897347
26.75	-27.1454037520227
26.7625	-27.1496676849661
26.775	-27.154747138046
26.7875	-27.158459141411
26.8	-27.1583996093916
26.8125	-27.1655176730427
26.825	-27.169857452262
26.8375	-27.1803159945065
26.85	-27.1837085464935
26.8625	-27.1829391993807
26.875	-27.186814548187
26.8875	-27.1893237266166
26.9	-27.1900577275866
26.9125	-27.1897841662647
26.925	-27.1912865303936
26.9375	-27.1941373531512
26.95	-27.1883070717546
26.9625	-27.1868464589051
26.975	-27.1874439791758
26.9875	-27.1927632208466
27	-27.194054745632
27.0125	-27.2017089952019
27.025	-27.2012054043734
27.0375	-27.2146934380854
27.05	-27.2253422101937
27.0625	-27.2289957777237
27.075	-27.2312011605023
27.0875	-27.2297129617587
27.1	-27.2331582129411
27.1125	-27.2403234430843
27.125	-27.2407835514401
27.1375	-27.2421173846671
27.15	-27.2369284397333
27.1625	-27.238862088441
27.175	-27.2382032856802
27.1875	-27.2351219506935
27.2	-27.2517181756473
27.2125	-27.2581424074071
27.225	-27.2557341629733
27.2375	-27.2529447480916
27.25	-27.2497162105998
27.2625	-27.2493288296739
27.275	-27.2453882164435
27.2875	-27.2432188255724
27.3	-27.2432945472269
27.3125	-27.2445696641904
27.325	-27.2567867732949
27.3375	-27.2562679317924
27.35	-27.2607055556567
27.3625	-27.2625404365503
27.375	-27.2708317255639
27.3875	-27.2699511121957
27.4	-27.2777388279994
27.4125	-27.2869273308752
27.425	-27.2850910501624
27.4375	-27.2862157081967
27.45	-27.3058195710421
27.4625	-27.3225465754619
27.475	-27.3264014749234
27.4875	-27.3239223432953
27.5	-27.3277490595972
27.5125	-27.3371220709831
27.525	-27.3372447048755
27.5375	-27.3411152783064
27.55	-27.3418850001219
27.5625	-27.3419665784523
27.575	-27.343576004571
27.5875	-27.3526269767824
27.6	-27.3609801709167
27.6125	-27.3648330554511
27.625	-27.3901487467909
27.6375	-27.4372400686349
27.65	-27.4443796654665
27.6625	-27.4447818132518
27.675	-27.4689569757259
27.6875	-27.4884549258922
27.7	-27.4989685985641
27.7125	-27.5023987781764
27.725	-27.5027548270253
27.7375	-27.5034053752563
27.75	-27.5188826375007
27.7625	-27.5466718485817
27.775	-27.5741662484948
27.7875	-27.5775260136661
27.8	-27.5885421351587
27.8125	-27.5953660524562
27.825	-27.5947620357649
27.8375	-27.5944808946367
27.85	-27.5975389372216
27.8625	-27.6060665306253
27.875	-27.6153621818509
27.8875	-27.6269073449947
27.9	-27.6351674740737
27.9125	-27.6358617863243
27.925	-27.6386431510611
27.9375	-27.6330915580063
27.95	-27.6415973541739
27.9625	-27.6418927049042
27.975	-27.6404435998968
27.9875	-27.643103104254
28	-27.6534339323692
28.0125	-27.6551589077862
28.025	-27.648370045936
28.0375	-27.6422970534259
28.05	-27.6573433123362
28.0625	-27.6565068852416
28.075	-27.6794673550689
28.0875	-27.6860824336353
28.1	-27.6848406465186
28.1125	-27.6901599155274
28.125	-27.6901411233812
28.1375	-27.6900889364715
28.15	-27.69447214149
28.1625	-27.6969219136125
28.175	-27.6974174109261
28.1875	-27.7050278386543
28.2	-27.7165826262913
28.2125	-27.7249736550547
28.225	-27.7311142072509
28.2375	-27.7449494181363
28.25	-27.7493706045549
28.2625	-27.7518018286763
28.275	-27.755706015239
28.2875	-27.7577257904635
28.3	-27.7636996036818
28.3125	-27.761096448238
28.325	-27.7613965701228
28.3375	-27.7595447303569
28.35	-27.7583820910357
28.3625	-27.7660962577469
28.375	-27.7922867415403
28.3875	-27.8027819294624
28.4	-27.8097479637183
28.4125	-27.8085769210948
28.425	-27.8089480632446
28.4375	-27.8118862428122
28.45	-27.8145991785614
28.4625	-27.8083206035095
28.475	-27.8085675516559
28.4875	-27.8049899339439
28.5	-27.8070932185529
28.5125	-27.8043159664458
28.525	-27.8050829119396
28.5375	-27.8044579795491
28.55	-27.7975827781847
28.5625	-27.7920006740947
28.575	-27.7750215692737
28.5875	-27.7748193093418
28.6	-27.7749431763242
28.6125	-27.774989003986
28.625	-27.7770460357655
28.6375	-27.7740373774742
28.65	-27.7657558840492
28.6625	-27.7862386594318
28.675	-27.7876547057355
28.6875	-27.7889123700115
28.7	-27.783589065748
28.7125	-27.7750059773462
28.725	-27.7702246227052
28.7375	-27.7686741862536
28.75	-27.7679769515908
28.7625	-27.7689613919507
28.775	-27.7708556512717
28.7875	-27.7718851293067
28.8	-27.7762818386708
28.8125	-27.7784409890331
28.825	-27.7740532581815
28.8375	-27.7779127525055
28.85	-27.7802009429702
28.8625	-27.7879845315398
28.875	-27.812013876269
28.8875	-27.81676779446
28.9	-27.7890380042134
28.9125	-27.8045239869132
28.925	-27.7962907837615
28.9375	-27.7948741254501
28.95	-27.7961447624108
28.9625	-27.8180834361228
28.975	-27.8211874728809
28.9875	-27.8169656554798
29	-27.8130117711349
29.0125	-27.8196971895744
29.025	-27.828399552626
29.0375	-27.837006924851
29.05	-27.8461977939451
29.0625	-27.8419357802132
29.075	-27.8355540338349
29.0875	-27.8348713080141
29.1	-27.8400629192498
29.1125	-27.84661931362
29.125	-27.8510411738393
29.1375	-27.8571549082487
29.15	-27.8572617435162
29.1625	-27.8611981804625
29.175	-27.8694293651258
29.1875	-27.8810969508076
29.2	-27.8734338370113
29.2125	-27.8703960974551
29.225	-27.8787274979504
29.2375	-27.8790059951522
29.25	-27.8875394012825
29.2625	-27.8887097374769
29.275	-27.9002133352648
29.2875	-27.9048391074997
29.3	-27.908391317553
29.3125	-27.9146319468498
29.325	-27.9187473914335
29.3375	-27.910585358369
29.35	-27.9023597378377
29.3625	-27.9062349319594
29.375	-27.9059058997746
29.3875	-27.9024447307721
29.4	-27.9049541310215
29.4125	-27.9063611149311
29.425	-27.912658971787
29.4375	-27.9114507547901
29.45	-27.9232440323456
29.4625	-27.9168524798994
29.475	-27.9075388063155
29.4875	-27.9098996396815
29.5	-27.9067484091845
29.5125	-27.9286761589446
29.525	-27.9348529314552
29.5375	-27.9538948317251
29.55	-27.9618171067078
29.5625	-27.9733706668
29.575	-27.9821371234953
29.5875	-27.9883772605563
29.6	-27.997816318119
29.6125	-28.0133318338634
29.625	-28.0259662828265
29.6375	-28.0411557616468
29.65	-28.0585146504349
29.6625	-28.0622459954183
29.675	-28.0561210319068
29.6875	-28.0582547101536
29.7	-28.0506934685705
29.7125	-28.0376671034681
29.725	-28.0291065971179
29.7375	-28.0288358708761
29.75	-28.0252450256576
29.7625	-28.0141476193898
29.775	-28.0095246559566
29.7875	-28.0142050001201
29.8	-28.0223814080721
29.8125	-28.0188994617673
29.825	-28.0042794790438
29.8375	-27.9876319579585
29.85	-27.9815105797017
29.8625	-27.9925261751934
29.875	-27.9688352972289
29.8875	-27.9634386287369
29.9	-27.9805083498067
29.9125	-27.9798011643323
29.925	-27.9720916485402
29.9375	-27.9533571107567
29.95	-27.9407903855363
29.9625	-27.9341571320041
29.975	-27.9266342925729
29.9875	-27.9453077264227
30	-27.937451323454
