0.0125	0
0.025	0
0.0375	0
0.05	0
0.0625	0
0.075	0
0.0875	0
0.1	0
0.1125	0
0.125	0
0.1375	0
0.15	0
0.1625	0
0.175	0
0.1875	0
0.2	0
0.2125	0
0.225	0
0.2375	0
0.25	0
0.2625	0
0.275	0
0.2875	0
0.3	0
0.3125	0
0.325	0
0.3375	0
0.35	0
0.3625	0
0.375	0
0.3875	0
0.4	0
0.4125	0
0.425	0
0.4375	0
0.45	0
0.4625	0
0.475	0
0.4875	0
0.5	0
0.5125	0
0.525	0
0.5375	0
0.55	0
0.5625	0
0.575	0
0.5875	0
0.6	0
0.6125	0
0.625	0
0.6375	0
0.65	0
0.6625	0
0.675	0
0.6875	0
0.7	0
0.7125	0
0.725	0
0.7375	0
0.75	0
0.7625	0
0.775	0
0.7875	0
0.8	0
0.8125	0
0.825	0
0.8375	0
0.85	0
0.8625	0
0.875	0
0.8875	0
0.9	0
0.9125	0
0.925	0
0.9375	0
0.95	0
0.9625	0
0.975	0
0.9875	0
1	0
1.0125	0
1.025	0
1.0375	0
1.05	0
1.0625	0
1.075	0
1.0875	0
1.1	0
1.1125	0
1.125	0
1.1375	0
1.15	0
1.1625	0
1.175	0
1.1875	0
1.2	0
1.2125	0
1.225	0
1.2375	0
1.25	0
1.2625	0
1.275	0
1.2875	0
1.3	0
1.3125	0
1.325	0
1.3375	-7.06625943192476e-06
1.35	-0.00107918892097667
1.3625	-0.00511939388182544
1.375	-0.0181622929074357
1.3875	-0.0508472527582988
1.4	-0.0991946083886821
1.4125	-0.147910940320814
1.425	-0.19942232799405
1.4375	-0.258785159025233
1.45	-0.316766745420622
1.4625	-0.36361410186581
1.475	-0.404003535196212
1.4875	-0.464906386766819
1.5	-0.550006408263387
1.5125	-0.681044059021449
1.525	-0.766509617142686
1.5375	-0.832101289026596
1.55	-0.878618082659441
1.5625	-0.910817608247338
1.575	-0.957059959875214
1.5875	-1.0375713053461
1.6	-1.09121569959655
1.6125	-1.14966187808702
1.625	-1.23007637741767
1.6375	-1.3083500083798
1.65	-1.36393922524782
1.6625	-1.40370649689297
1.675	-1.46018125865404
1.6875	-1.50968674360623
1.7	-1.5423820811164
1.7125	-1.57466081903215
1.725	-1.6174383096707
1.7375	-1.68883459730731
1.75	-1.78943173576484
1.7625	-1.89152235646929
1.775	-1.95352140669859
1.7875	-2.00100192367009
1.8	-2.04710051014406
1.8125	-2.08679284057375
1.825	-2.11477908639311
1.8375	-2.17518171919426
1.85	-2.24009409108067
1.8625	-2.29521031676984
1.875	-2.36194905835813
1.8875	-2.41489996373705
1.9	-2.45278249091987
1.9125	-2.47907251003025
1.925	-2.5358687013479
1.9375	-2.58351623531936
1.95	-2.62099697116937
1.9625	-2.67318007142822
1.975	-2.72316135962318
1.9875	-2.79577649783716
2	-2.85437342660068
2.0125	-2.9403174796168
2.025	-3.00308299007694
2.0375	-3.06332699268078
2.05	-3.10652444879515
2.0625	-3.16494740098877
2.075	-3.22465463630901
2.0875	-3.32550665188899
2.1	-3.39178168085831
2.1125	-3.47463334703657
2.125	-3.56092157218701
2.1375	-3.61822514388077
2.15	-3.67374202729425
2.1625	-3.72231537108691
2.175	-3.79095962016925
2.1875	-3.84885765576652
2.2	-3.89013958176829
2.2125	-3.94439552338545
2.225	-3.98438235517957
2.2375	-4.03286360978294
2.25	-4.10373090441203
2.2625	-4.15442914108211
2.275	-4.18538617665977
2.2875	-4.20478921251135
2.3	-4.22828895052404
2.3125	-4.25771407956702
2.325	-4.28260057131011
2.3375	-4.30256373315641
2.35	-4.3318268434451
2.3625	-4.35375313778058
2.375	-4.3754600546599
2.3875	-4.39804291560224
2.4	-4.41726222295875
2.4125	-4.43299536434781
2.425	-4.46658429847887
2.4375	-4.48993003214629
2.45	-4.52169910631933
2.4625	-4.55354965349327
2.475	-4.58195396899916
2.4875	-4.60919443619599
2.5	-4.63482764390706
2.5125	-4.66004847295228
2.525	-4.68130228216815
2.5375	-4.69239591075007
2.55	-4.7116966021167
2.5625	-4.7263241088214
2.575	-4.73732352806587
2.5875	-4.75620338777261
2.6	-4.77446172478543
2.6125	-4.78578995560173
2.625	-4.79850643251938
2.6375	-4.80993613217356
2.65	-4.81931345684474
2.6625	-4.8317746899101
2.675	-4.84748128296225
2.6875	-4.86100540634996
2.7	-4.86947930194915
2.7125	-4.87736188810926
2.725	-4.88987530021718
2.7375	-4.90617485100737
2.75	-4.91688314608519
2.7625	-4.9259059022921
2.775	-4.93875203251204
2.7875	-4.94910360774459
2.8	-4.96783542557468
2.8125	-4.99063195992947
2.825	-5.00973711150325
2.8375	-5.02929638027524
2.85	-5.04622361824804
2.8625	-5.06183010241318
2.875	-5.07316709862234
2.8875	-5.08378597402668
2.9	-5.09243073254953
2.9125	-5.10905527379918
2.925	-5.12395077839266
2.9375	-5.13731668688119
2.95	-5.14844358920662
2.9625	-5.16509742760271
2.975	-5.18017247352646
2.9875	-5.19426906372329
3	-5.21463048623868
3.0125	-5.2401061952926
3.025	-5.26469751115076
3.0375	-5.28719460071273
3.05	-5.30802335530452
3.0625	-5.32950489424191
3.075	-5.34302858403347
3.0875	-5.36070037001764
3.1	-5.37898880782302
3.1125	-5.40367750275878
3.125	-5.42153181880476
3.1375	-5.44115820969853
3.15	-5.46014116283656
3.1625	-5.49082860678741
3.175	-5.51765084662646
3.1875	-5.53621665403807
3.2	-5.55125560627019
3.2125	-5.57237772524831
3.225	-5.58594608681805
3.2375	-5.59405315738427
3.25	-5.60661349359165
3.2625	-5.62195447957124
3.275	-5.63090307284089
3.2875	-5.63930049056682
3.3	-5.65082947645181
3.3125	-5.65837157065983
3.325	-5.66425337089754
3.3375	-5.67113518901182
3.35	-5.68103123792725
3.3625	-5.69099021580544
3.375	-5.70601339109382
3.3875	-5.71957434385073
3.4	-5.72908574589081
3.4125	-5.73978021403488
3.425	-5.75101359631705
3.4375	-5.75983348321476
3.45	-5.76757221739841
3.4625	-5.77484223540107
3.475	-5.7903340277411
3.4875	-5.8120460157569
3.5	-5.82390165499782
3.5125	-5.83608602117319
3.525	-5.84713716903066
3.5375	-5.85914618748165
3.55	-5.87615611272626
3.5625	-5.88407752241618
3.575	-5.89115212756833
3.5875	-5.90203354740176
3.6	-5.9126166970565
3.6125	-5.92203324102349
3.625	-5.93444177130161
3.6375	-5.94252718904863
3.65	-5.94872032326581
3.6625	-5.96276069779356
3.675	-5.98069283592241
3.6875	-5.9960395748428
3.7	-6.00758399015138
3.7125	-6.01769431113823
3.725	-6.02325637497032
3.7375	-6.02657133051013
3.75	-6.03208905876352
3.7625	-6.03628703507209
3.775	-6.04373082505055
3.7875	-6.05039490869232
3.8	-6.05492299675027
3.8125	-6.05804425793479
3.825	-6.05941163770326
3.8375	-6.06187613142568
3.85	-6.06427238272694
3.8625	-6.06684691687956
3.875	-6.06834630489675
3.8875	-6.07109505239276
3.9	-6.07323923631593
3.9125	-6.073488537168
3.925	-6.07370932697038
3.9375	-6.07333704156274
3.95	-6.0753604192604
3.9625	-6.07748697027155
3.975	-6.08120795737361
3.9875	-6.08460307207418
4	-6.08857201370991
4.0125	-6.09180611141211
4.025	-6.09556804992105
4.0375	-6.09912162900965
4.05	-6.10318629320616
4.0625	-6.1069177492403
4.075	-6.1109585436399
4.0875	-6.11372815063846
4.1	-6.11566373956559
4.1125	-6.11770898737841
4.125	-6.11991063465939
4.1375	-6.12308592809926
4.15	-6.12569848427523
4.1625	-6.12813058949443
4.175	-6.13036708773941
4.1875	-6.13307359557689
4.2	-6.13575761666208
4.2125	-6.14104319866663
4.225	-6.14359577805686
4.2375	-6.14623114378291
4.25	-6.14736185138279
4.2625	-6.14821860894455
4.275	-6.14951085287406
4.2875	-6.1525816796659
4.3	-6.15590419677964
4.3125	-6.15906815390893
4.325	-6.16019817357191
4.3375	-6.16148066750199
4.35	-6.16377047742968
4.3625	-6.16461951322266
4.375	-6.16581275813175
4.3875	-6.16640760813337
4.4	-6.16713018649229
4.4125	-6.17083435821324
4.425	-6.17372549816559
4.4375	-6.17712771826361
4.45	-6.17966998409616
4.4625	-6.18382422807878
4.475	-6.18875726129089
4.4875	-6.19476638905969
4.5	-6.19964205456116
4.5125	-6.20300242252873
4.525	-6.20690780103671
4.5375	-6.21049376055641
4.55	-6.2161689105807
4.5625	-6.22396934029869
4.575	-6.23329483618314
4.5875	-6.23600178823922
4.6	-6.24320963390835
4.6125	-6.25247483196528
4.625	-6.26812581421435
4.6375	-6.27761835830348
4.65	-6.28135621115928
4.6625	-6.28589806628862
4.675	-6.28857500367183
4.6875	-6.29012697893187
4.7	-6.29244244798704
4.7125	-6.29283652099183
4.725	-6.29660930673673
4.7375	-6.29761978446873
4.75	-6.29878518945231
4.7625	-6.29916871531193
4.775	-6.30087910261301
4.7875	-6.3008432833514
4.8	-6.30328686540883
4.8125	-6.30871293717068
4.825	-6.31731782286997
4.8375	-6.32886714176709
4.85	-6.34195627126297
4.8625	-6.3558851022516
4.875	-6.37120835326959
4.8875	-6.38348101956036
4.9	-6.40204104138384
4.9125	-6.42207612236604
4.925	-6.44716846864526
4.9375	-6.4716523548909
4.95	-6.49355919734132
4.9625	-6.5067852894606
4.975	-6.52110926032204
4.9875	-6.5370531500927
5	-6.55427991620555
5.0125	-6.57305366950801
5.025	-6.60200666985636
5.0375	-6.61646140139969
5.05	-6.63965366840336
5.0625	-6.65288907642252
5.075	-6.66521421726833
5.0875	-6.69237127830286
5.1	-6.7288375808296
5.1125	-6.76212968579045
5.125	-6.78260245266989
5.1375	-6.81235199056483
5.15	-6.82605870697693
5.1625	-6.8432504775049
5.175	-6.85652317067576
5.1875	-6.86807823578193
5.2	-6.87530978581781
5.2125	-6.88368555114254
5.225	-6.88824440317942
5.2375	-6.89531636115937
5.25	-6.90576079465015
5.2625	-6.91159068001045
5.275	-6.91711492386058
5.2875	-6.92052244563209
5.3	-6.92563557193456
5.3125	-6.92916336801809
5.325	-6.93029780763797
5.3375	-6.93815823061577
5.35	-6.94305863504105
5.3625	-6.94533094440962
5.375	-6.94790789934058
5.3875	-6.95569796558166
5.4	-6.96162809443227
5.4125	-6.96644779543688
5.425	-6.97594672830571
5.4375	-6.98403991643201
5.45	-6.99650637806059
5.4625	-7.01130061141557
5.475	-7.02279468151735
5.4875	-7.03505460943952
5.5	-7.0431288076236
5.5125	-7.05220813613441
5.525	-7.05826483164893
5.5375	-7.06573773151166
5.55	-7.0814887639312
5.5625	-7.09323815849943
5.575	-7.11120429039795
5.5875	-7.12207129138848
5.6	-7.13457986744079
5.6125	-7.14018474148372
5.625	-7.14588760425424
5.6375	-7.15346961709798
5.65	-7.15791902332596
5.6625	-7.16454747779951
5.675	-7.17090632443118
5.6875	-7.1771576177778
5.7	-7.18548546132061
5.7125	-7.20701437154256
5.725	-7.2281654869486
5.7375	-7.24412527507019
5.75	-7.2545154758282
5.7625	-7.26044453730495
5.775	-7.27605587960796
5.7875	-7.29398783644113
5.8	-7.30651596240193
5.8125	-7.31663207363024
5.825	-7.32633169591237
5.8375	-7.33065336470349
5.85	-7.33711584273254
5.8625	-7.34515916225154
5.875	-7.3501339817633
5.8875	-7.35635492378367
5.9	-7.36171817873429
5.9125	-7.36343789125693
5.925	-7.36882380997873
5.9375	-7.37426844615031
5.95	-7.38152596796488
5.9625	-7.38969798768984
5.975	-7.39354959192215
5.9875	-7.40065248448399
6	-7.40910740393972
6.0125	-7.41373221131251
6.025	-7.41707958325518
6.0375	-7.42312430881904
6.05	-7.43057677517193
6.0625	-7.43780825240806
6.075	-7.44242625533459
6.0875	-7.44470925390176
6.1	-7.44567351032122
6.1125	-7.44723984477229
6.125	-7.45089215587836
6.1375	-7.45396675499897
6.15	-7.45779612293472
6.1625	-7.4612154722381
6.175	-7.47249636849894
6.1875	-7.47559027695042
6.2	-7.48491046887309
6.2125	-7.4979320233804
6.225	-7.50393791325645
6.2375	-7.51090236629795
6.25	-7.53102310577982
6.2625	-7.55209830336764
6.275	-7.56963305200066
6.2875	-7.59031677259854
6.3	-7.62424678089576
6.3125	-7.65046616543222
6.325	-7.67042185631314
6.3375	-7.68199545316377
6.35	-7.69455303225908
6.3625	-7.70366341883968
6.375	-7.71233457501608
6.3875	-7.71731890972737
6.4	-7.72867207980851
6.4125	-7.73505133358167
6.425	-7.74843302090934
6.4375	-7.7653697867683
6.45	-7.77791066375102
6.4625	-7.79788750598515
6.475	-7.81636624614562
6.4875	-7.83368967515288
6.5	-7.84304207009565
6.5125	-7.84902682992949
6.525	-7.85160838568133
6.5375	-7.853927033806
6.55	-7.85619662989603
6.5625	-7.85892455684447
6.575	-7.86433355634772
6.5875	-7.86872984873882
6.6	-7.87388936434516
6.6125	-7.87712812702799
6.625	-7.8801664716144
6.6375	-7.8834229359635
6.65	-7.88616913581258
6.6625	-7.88842829894538
6.675	-7.89177689041878
6.6875	-7.8942521493832
6.7	-7.89817930476369
6.7125	-7.89949111400978
6.725	-7.90183567538126
6.7375	-7.90370341842464
6.75	-7.90512590138941
6.7625	-7.90757924228864
6.775	-7.91196215790003
6.7875	-7.91473155608108
6.8	-7.91618180412618
6.8125	-7.91797097932933
6.825	-7.91866849992362
6.8375	-7.91967316555058
6.85	-7.92124833692944
6.8625	-7.92156548660382
6.875	-7.92214452784356
6.8875	-7.92259171003604
6.9	-7.92347653895569
6.9125	-7.92391977206086
6.925	-7.92468987159916
6.9375	-7.92607022670096
6.95	-7.92699224100914
6.9625	-7.92895942312276
6.975	-7.93346479523142
6.9875	-7.93593473531922
7	-7.93932422337704
7.0125	-7.94222836644684
7.025	-7.944725441201
7.0375	-7.94540709954502
7.05	-7.94559999503978
7.0625	-7.94699312395697
7.075	-7.94755417725634
7.0875	-7.94789137385011
7.1	-7.9480633312721
7.1125	-7.94879111192257
7.125	-7.94898485794881
7.1375	-7.94983541307796
7.15	-7.95154799549389
7.1625	-7.95354901127938
7.175	-7.95676005502726
7.1875	-7.95986722510937
7.2	-7.96292424552224
7.2125	-7.96545072356234
7.225	-7.9675509640889
7.2375	-7.97020898011433
7.25	-7.97230755187005
7.2625	-7.97331938258271
7.275	-7.97495175254047
7.2875	-7.97658131083534
7.3	-7.97771448866204
7.3125	-7.97864909721433
7.325	-7.97936960546325
7.3375	-7.98003149806246
7.35	-7.98084517630933
7.3625	-7.98077865086799
7.375	-7.9802477787033
7.3875	-7.98060583037398
7.4	-7.98123368628826
7.4125	-7.98180921220774
7.425	-7.9821936117488
7.4375	-7.98200967664846
7.45	-7.98258722963932
7.4625	-7.98352333011876
7.475	-7.98473179174461
7.4875	-7.9858069719127
7.5	-7.9879488700491
7.5125	-7.98959967839784
7.525	-7.99046394663862
7.5375	-7.99184061517213
7.55	-7.99326472495853
7.5625	-7.99459452574402
7.575	-7.99620690913262
7.5875	-7.99768912861271
7.6	-7.99974966518795
7.6125	-8.00091539617673
7.625	-8.00181451474856
7.6375	-8.00305290805379
7.65	-8.00399759861743
7.6625	-8.00513638501554
7.675	-8.00602440995356
7.6875	-8.00749129998578
7.7	-8.00918363099596
7.7125	-8.01002199559937
7.725	-8.01163419049275
7.7375	-8.01346399904261
7.75	-8.01446966877908
7.7625	-8.01644383121016
7.775	-8.01801226430407
7.7875	-8.01820942509241
7.8	-8.01847200701952
7.8125	-8.01854284235916
7.825	-8.02038238579907
7.8375	-8.0207037193796
7.85	-8.02125320728338
7.8625	-8.02257123317883
7.875	-8.02460542168982
7.8875	-8.02749913616986
7.9	-8.02934200575492
7.9125	-8.03137186159161
7.925	-8.03383990657132
7.9375	-8.03671722399277
7.95	-8.03900951663007
7.9625	-8.044329947989
7.975	-8.04747582239813
7.9875	-8.0474161576475
8	-8.04762386856661
8.0125	-8.05241113229146
8.025	-8.05348316652646
8.0375	-8.05433814380626
8.05	-8.05608984990746
8.0625	-8.05729477161502
8.075	-8.05875453963812
8.0875	-8.06069866383427
8.1	-8.06346715246709
8.1125	-8.06780694635132
8.125	-8.07048242206125
8.1375	-8.07271892945869
8.15	-8.0753396571427
8.1625	-8.08000799719272
8.175	-8.09014618722554
8.1875	-8.10093744505023
8.2	-8.11226713202825
8.2125	-8.11816208652357
8.225	-8.12457278284076
8.2375	-8.13486091689063
8.25	-8.14210415379326
8.2625	-8.14987454365904
8.275	-8.1558655484144
8.2875	-8.16405884115619
8.3	-8.17353011379579
8.3125	-8.17697345153643
8.325	-8.17970749820547
8.3375	-8.18106761605158
8.35	-8.18326668640511
8.3625	-8.18626306596362
8.375	-8.18912524864096
8.3875	-8.19175045586965
8.4	-8.19743704386873
8.4125	-8.20064987657507
8.425	-8.20364124790743
8.4375	-8.20696971990329
8.45	-8.21037596850995
8.4625	-8.21358667414519
8.475	-8.21501203395758
8.4875	-8.2189862898939
8.5	-8.22241034516856
8.5125	-8.22450073929421
8.525	-8.22538092419379
8.5375	-8.22829202328441
8.55	-8.23031420250277
8.5625	-8.23273936970543
8.575	-8.23364157308542
8.5875	-8.23616226871108
8.6	-8.24072127684297
8.6125	-8.2420805026533
8.625	-8.25090498269257
8.6375	-8.26000932412473
8.65	-8.26477313263173
8.6625	-8.27455293041911
8.675	-8.2801945572815
8.6875	-8.28535561770891
8.7	-8.29228453446336
8.7125	-8.29544629842984
8.725	-8.2970328840097
8.7375	-8.30006872583601
8.75	-8.30308274217355
8.7625	-8.30764379838851
8.775	-8.31050466428935
8.7875	-8.31206537660816
8.8	-8.31488537980546
8.8125	-8.31986599430867
8.825	-8.32423377310489
8.8375	-8.32691618975861
8.85	-8.32898534768927
8.8625	-8.33147644929213
8.875	-8.33546226065798
8.8875	-8.33808250464456
8.9	-8.34094108796041
8.9125	-8.3428892603699
8.925	-8.34353393868834
8.9375	-8.34303708148745
8.95	-8.34475693233239
8.9625	-8.34763993235881
8.975	-8.35075963277274
8.9875	-8.35344363168681
9	-8.35493012936656
9.0125	-8.3561866685059
9.025	-8.35857364536966
9.0375	-8.35989830296011
9.05	-8.36153589714898
9.0625	-8.36413717173377
9.075	-8.36757858617121
9.0875	-8.37054878291182
9.1	-8.37372324432421
9.1125	-8.37447833604199
9.125	-8.37503959065464
9.1375	-8.37613328629834
9.15	-8.37734040430528
9.1625	-8.37948654103407
9.175	-8.38099242733079
9.1875	-8.38445009523944
9.2	-8.38830886881267
9.2125	-8.39106350562153
9.225	-8.39320925231517
9.2375	-8.39844726998007
9.25	-8.40101789617704
9.2625	-8.40678100816038
9.275	-8.41277438741158
9.2875	-8.42369942701847
9.3	-8.43184084754791
9.3125	-8.44660175360565
9.325	-8.45896949400278
9.3375	-8.46714963380458
9.35	-8.47355767241663
9.3625	-8.48024669491293
9.375	-8.48520297808481
9.3875	-8.49064299940432
9.4	-8.49507407975388
9.4125	-8.50269609966394
9.425	-8.50793475811616
9.4375	-8.51194620553284
9.45	-8.51530675200602
9.4625	-8.52234307722136
9.475	-8.53165786365963
9.4875	-8.53877321391412
9.5	-8.54331183306357
9.5125	-8.548699557803
9.525	-8.55349476567036
9.5375	-8.55824314873198
9.55	-8.561731762746
9.5625	-8.56817040171354
9.575	-8.57488838870618
9.5875	-8.59252299418005
9.6	-8.61320791893893
9.6125	-8.62322231775416
9.625	-8.62723982351136
9.6375	-8.63034131825057
9.65	-8.63691657000882
9.6625	-8.64429325447549
9.675	-8.65299260495801
9.6875	-8.65983453821197
9.7	-8.67118514628192
9.7125	-8.68488163430093
9.725	-8.69342326120421
9.7375	-8.69635097976056
9.75	-8.7026174707568
9.7625	-8.71356258714177
9.775	-8.72860907330818
9.7875	-8.7351789114634
9.8	-8.74069880158019
9.8125	-8.74655816984861
9.825	-8.75038009984799
9.8375	-8.76256195944678
9.85	-8.7707787493812
9.8625	-8.78351332194294
9.875	-8.79190342259481
9.8875	-8.80071150291544
9.9	-8.81383208587235
9.9125	-8.82343659439044
9.925	-8.83277792109203
9.9375	-8.8383166165527
9.95	-8.84321578927086
9.9625	-8.84921391522009
9.975	-8.8521378405335
9.9875	-8.85585800422726
10	-8.86296656788738
10.0125	-8.86945392452751
10.025	-8.87609867613349
10.0375	-8.8814650056069
10.05	-8.8878793693808
10.0625	-8.89468315874121
10.075	-8.89930863628422
10.0875	-8.90383144420325
10.1	-8.90695040852981
10.1125	-8.91249760973964
10.125	-8.91653741413739
10.1375	-8.9195526444944
10.15	-8.92318351744152
10.1625	-8.92737685431513
10.175	-8.93085917867932
10.1875	-8.93400460602231
10.2	-8.93712920708907
10.2125	-8.93972540308324
10.225	-8.94333144089149
10.2375	-8.94700314545934
10.25	-8.95229323612028
10.2625	-8.95627151783577
10.275	-8.95939497007214
10.2875	-8.96281484999781
10.3	-8.96337790008412
10.3125	-8.96836686220533
10.325	-8.97490141553151
10.3375	-8.97781129154071
10.35	-8.97935531018861
10.3625	-8.98084396424044
10.375	-8.98329231828355
10.3875	-8.98544277306766
10.4	-8.98779491540282
10.4125	-8.98952378440286
10.425	-8.99165367018423
10.4375	-8.99399014556101
10.45	-8.99633244274751
10.4625	-8.99947040033159
10.475	-9.00134424632901
10.4875	-9.00388246479447
10.5	-9.00620493308555
10.5125	-9.0082171600618
10.525	-9.00906919242033
10.5375	-9.00985934612637
10.55	-9.0145543835684
10.5625	-9.01592298478828
10.575	-9.01551438649058
10.5875	-9.01614246158061
10.6	-9.01595877760656
10.6125	-9.01721504924286
10.625	-9.01755814500757
10.6375	-9.01885316928948
10.65	-9.01954854223096
10.6625	-9.02031428850855
10.675	-9.02202704425173
10.6875	-9.02400076888897
10.7	-9.02406176641796
10.7125	-9.02548462844143
10.725	-9.02875924287712
10.7375	-9.03259625249518
10.75	-9.03629096621781
10.7625	-9.0400878282422
10.775	-9.04184337786001
10.7875	-9.04331407745652
10.8	-9.04699134723282
10.8125	-9.04934276872041
10.825	-9.05208702313252
10.8375	-9.0551916101936
10.85	-9.05727568455939
10.8625	-9.06054295315958
10.875	-9.06292414747685
10.8875	-9.06378943823804
10.9	-9.06441943503305
10.9125	-9.06612402910673
10.925	-9.0701382467883
10.9375	-9.07938779717868
10.95	-9.08522596067871
10.9625	-9.09024771249856
10.975	-9.09631169373263
10.9875	-9.10320420954621
11	-9.10843790543564
11.0125	-9.11500051794492
11.025	-9.12108314350952
11.0375	-9.13084429317866
11.05	-9.139415555163
11.0625	-9.14371394322399
11.075	-9.15252679861117
11.0875	-9.15924525909173
11.1	-9.17043957910284
11.1125	-9.17377890888346
11.125	-9.1768150202334
11.1375	-9.17868304388263
11.15	-9.18212528471781
11.1625	-9.18733159565148
11.175	-9.1908903009612
11.1875	-9.19440468656913
11.2	-9.19726591319978
11.2125	-9.20118640757708
11.225	-9.20554969789078
11.2375	-9.20907362078544
11.25	-9.21544427829693
11.2625	-9.21813168112907
11.275	-9.22164265445647
11.2875	-9.22290992913592
11.3	-9.2241744041386
11.3125	-9.22573636370848
11.325	-9.22695928457709
11.3375	-9.23003950823224
11.35	-9.2320748863993
11.3625	-9.23492648954627
11.375	-9.23982624702507
11.3875	-9.24424537316108
11.4	-9.24984975672538
11.4125	-9.25385835160658
11.425	-9.25731869179568
11.4375	-9.26074076584994
11.45	-9.26285439893093
11.4625	-9.26652861903912
11.475	-9.27175226334857
11.4875	-9.27687598060133
11.5	-9.28113402029265
11.5125	-9.28540265908161
11.525	-9.28850493476622
11.5375	-9.2912518005185
11.55	-9.29414904017007
11.5625	-9.29704529438048
11.575	-9.30095129229278
11.5875	-9.30446437148935
11.6	-9.30852898769272
11.6125	-9.31130737666602
11.625	-9.3145385446885
11.6375	-9.32396648998844
11.65	-9.32856118006169
11.6625	-9.33265817577659
11.675	-9.3483726506222
11.6875	-9.37252440225823
11.7	-9.50659564940591
11.7125	-9.56416569665535
11.725	-9.61664452652478
11.7375	-9.66308709217165
11.75	-9.82050812584277
11.7625	-9.88447760821517
11.775	-9.92133509860917
11.7875	-9.99977273975255
11.8	-10.1085192010342
11.8125	-10.2584506456759
11.825	-10.3078927906332
11.8375	-10.3255448981727
11.85	-10.3812260691501
11.8625	-10.4613683513986
11.875	-10.4815497327649
11.8875	-10.5013619257827
11.9	-10.5854066068499
11.9125	-10.6764237889507
11.925	-10.807160151138
11.9375	-10.8888859339529
11.95	-10.9716939173941
11.9625	-11.0582507108119
11.975	-11.1194803588752
11.9875	-11.1483840481141
12	-11.2131775486306
12.0125	-11.3000327326112
12.025	-11.3827112294035
12.0375	-11.4118535433449
12.05	-11.4824034411138
12.0625	-11.5202536450993
12.075	-11.5885199716855
12.0875	-11.7421166886636
12.1	-11.8944958165264
12.1125	-12.039056960766
12.125	-12.1510293822612
12.1375	-12.2438775090579
12.15	-12.3329173127081
12.1625	-12.3546302341993
12.175	-12.4127414390556
12.1875	-12.4738794490863
12.2	-12.5890382951405
12.2125	-12.662252166614
12.225	-12.7150204750235
12.2375	-12.8121830575617
12.25	-12.9629559363045
12.2625	-12.9977776147069
12.275	-13.0342577792794
12.2875	-13.1760633054393
12.3	-13.2452768074775
12.3125	-13.3391811109692
12.325	-13.384734789166
12.3375	-13.4447996054662
12.35	-13.4863996758948
12.3625	-13.5246935243064
12.375	-13.6371443383325
12.3875	-13.6643482761816
12.4	-13.8201085831281
12.4125	-13.8753499336084
12.425	-13.9281204373166
12.4375	-13.9774390790217
12.45	-14.0922826917234
12.4625	-14.1414509097851
12.475	-14.2369055422933
12.4875	-14.2970187702699
12.5	-14.3517601334077
12.5125	-14.3861350844133
12.525	-14.4343799797131
12.5375	-14.4943893275855
12.55	-14.5284546004796
12.5625	-14.5326379101879
12.575	-14.5824756459511
12.5875	-14.6318500751475
12.6	-14.6756227332369
12.6125	-14.7020701420671
12.625	-14.752196466381
12.6375	-14.7721101508599
12.65	-14.8132238593706
12.6625	-14.8596527849329
12.675	-14.9366962402264
12.6875	-14.9918598121801
12.7	-15.0289888458513
12.7125	-15.0847452620183
12.725	-15.1354420056983
12.7375	-15.2782181654875
12.75	-15.2956829701582
12.7625	-15.3228656552541
12.775	-15.3990528790092
12.7875	-15.4507630221956
12.8	-15.4873031900227
12.8125	-15.4959172470162
12.825	-15.5430015018367
12.8375	-15.6044049324402
12.85	-15.6068943141845
12.8625	-15.6223894652999
12.875	-15.6543318440996
12.8875	-15.7260065382848
12.9	-15.761486588832
12.9125	-15.7883266956901
12.925	-15.8458392279549
12.9375	-15.9349010496371
12.95	-15.9873233852622
12.9625	-16.0270723621696
12.975	-16.0652747718391
12.9875	-16.1769205725196
13	-16.3199950414659
13.0125	-16.3755843747369
13.025	-16.4338830833999
13.0375	-16.5212440530674
13.05	-16.6230109253682
13.0625	-16.659577209587
13.075	-16.6853926447795
13.0875	-16.7986717627082
13.1	-16.8314362315532
13.1125	-16.8786644086355
13.125	-16.927062738156
13.1375	-17.0217071539857
13.15	-17.1486823137458
13.1625	-17.2021250871748
13.175	-17.2692257945856
13.1875	-17.3006383814027
13.2	-17.3381493085477
13.2125	-17.3676707108693
13.225	-17.4047343461823
13.2375	-17.4606609141961
13.25	-17.4782205492511
13.2625	-17.4969169374063
13.275	-17.525693929728
13.2875	-17.5550042362498
13.3	-17.6833453891989
13.3125	-17.7448529149107
13.325	-17.8808739783308
13.3375	-17.9837781661129
13.35	-18.031217209859
13.3625	-18.0647513298565
13.375	-18.0928360728318
13.3875	-18.1033586404749
13.4	-18.120436880087
13.4125	-18.1456020082307
13.425	-18.155108763733
13.4375	-18.1852449696489
13.45	-18.210706109158
13.4625	-18.2426891905863
13.475	-18.275514731891
13.4875	-18.327501965635
13.5	-18.3984829776638
13.5125	-18.5036733516099
13.525	-18.5889140085881
13.5375	-18.6312818582957
13.55	-18.6950709231769
13.5625	-18.7865041642243
13.575	-18.8383538794439
13.5875	-18.8853486505627
13.6	-18.9345123572104
13.6125	-18.9566602975886
13.625	-19.0477798862633
13.6375	-19.0763437283083
13.65	-19.1061173066364
13.6625	-19.130108584575
13.675	-19.1577460474742
13.6875	-19.1877807380408
13.7	-19.2025182482426
13.7125	-19.2248631805534
13.725	-19.2404370626331
13.7375	-19.2580181855522
13.75	-19.2919685998699
13.7625	-19.3186717114282
13.775	-19.3279620501688
13.7875	-19.3403977809057
13.8	-19.3661665123319
13.8125	-19.3889372974032
13.825	-19.3995916088828
13.8375	-19.4444380220833
13.85	-19.4770669673792
13.8625	-19.4790660334884
13.875	-19.5072183955263
13.8875	-19.5548792272739
13.9	-19.5826484605277
13.9125	-19.6291559291281
13.925	-19.6684881795226
13.9375	-19.7264527295867
13.95	-19.7608696242629
13.9625	-19.8494218327552
13.975	-20.0154658124485
13.9875	-20.106621797328
14	-20.2403220599776
14.0125	-20.3261866673608
14.025	-20.3944438864929
14.0375	-20.4836681450969
14.05	-20.5352885020058
14.0625	-20.5823022419775
14.075	-20.5966480508482
14.0875	-20.6207016824312
14.1	-20.6432491219674
14.1125	-20.6739770292671
14.125	-20.7203408660976
14.1375	-20.7465946440815
14.15	-20.7822578102281
14.1625	-20.8402713882258
14.175	-20.9077346379948
14.1875	-20.9319989611212
14.2	-20.9755554717943
14.2125	-21.0446302233248
14.225	-21.0653700417227
14.2375	-21.0935313267454
14.25	-21.11329905011
14.2625	-21.1611671424957
14.275	-21.3409077555684
14.2875	-21.4344305477536
14.3	-21.5308151863932
14.3125	-21.6335334633574
14.325	-21.6963014702005
14.3375	-21.7895626002813
14.35	-21.822712015446
14.3625	-21.8449584236471
14.375	-21.8760130825007
14.3875	-21.9059470470378
14.4	-21.970604593406
14.4125	-22.0256774518918
14.425	-22.0938808536577
14.4375	-22.143698196633
14.45	-22.167685259749
14.4625	-22.2114095717051
14.475	-22.2373542982879
14.4875	-22.2591968555629
14.5	-22.2773900874156
14.5125	-22.3140220766428
14.525	-22.3488607297653
14.5375	-22.3756894605312
14.55	-22.398984656986
14.5625	-22.4339380741231
14.575	-22.4601214421108
14.5875	-22.487537093658
14.6	-22.5172299417252
14.6125	-22.5410436847123
14.625	-22.5535264371425
14.6375	-22.5599667883862
14.65	-22.5847163020369
14.6625	-22.5986663269221
14.675	-22.6071955465916
14.6875	-22.6329346951674
14.7	-22.6746422188766
14.7125	-22.6992056882882
14.725	-22.7226139672453
14.7375	-22.7497298638038
14.75	-22.7557453944331
14.7625	-22.7907212076704
14.775	-22.802304658997
14.7875	-22.8181366548338
14.8	-22.834256146939
14.8125	-22.8350962635074
14.825	-22.829959635268
14.8375	-22.8636978988587
14.85	-22.8809702160876
14.8625	-22.8869502071182
14.875	-22.9001540323832
14.8875	-22.9113489972537
14.9	-22.9180964703003
14.9125	-22.9461312289079
14.925	-22.9574530866263
14.9375	-22.9596922755345
14.95	-22.9791695650408
14.9625	-22.983874033866
14.975	-22.9991699299268
14.9875	-23.0134179516169
15	-23.0386492011782
15.0125	-23.0975267459472
15.025	-23.1201209717264
15.0375	-23.1362800762764
15.05	-23.1746116478136
15.0625	-23.1900820048884
15.075	-23.202544763913
15.0875	-23.2188909507197
15.1	-23.2261424949484
15.1125	-23.2380770469341
15.125	-23.272387332016
15.1375	-23.3010818614989
15.15	-23.3145795780496
15.1625	-23.331007134854
15.175	-23.3702888629504
15.1875	-23.3765183567124
15.2	-23.4041388374461
15.2125	-23.4412081367692
15.225	-23.4680817781229
15.2375	-23.5205445844675
15.25	-23.5422505622439
15.2625	-23.5643190264711
15.275	-23.5847423122138
15.2875	-23.6028225373697
15.3	-23.6268899340048
15.3125	-23.6453753159255
15.325	-23.6768971407193
15.3375	-23.6898679104783
15.35	-23.7546616477725
15.3625	-23.7960453921992
15.375	-23.8382596482816
15.3875	-23.8787800072618
15.4	-23.9131682122855
15.4125	-23.9386437823631
15.425	-23.9880156886019
15.4375	-24.0016248851033
15.45	-24.0357849699357
15.4625	-24.0482137424947
15.475	-24.0849539101199
15.4875	-24.0714265116542
15.5	-24.1066236744799
15.5125	-24.0870154615491
15.525	-24.1030283605762
15.5375	-24.1433830487277
15.55	-24.1866602218472
15.5625	-24.2055718930521
15.575	-24.2384934722524
15.5875	-24.2433328963935
15.6	-24.2546282649714
15.6125	-24.287758066983
15.625	-24.3035539195745
15.6375	-24.3121032947389
15.65	-24.3328377042268
15.6625	-24.3510254176917
15.675	-24.3594390679571
15.6875	-24.3891795709446
15.7	-24.4012211154284
15.7125	-24.4296033822747
15.725	-24.4274759676234
15.7375	-24.4403639607457
15.75	-24.4478528211606
15.7625	-24.4809307954784
15.775	-24.4671844167822
15.7875	-24.5120401464068
15.8	-24.5365379131876
15.8125	-24.527161317663
15.825	-24.5289006800958
15.8375	-24.5646414748466
15.85	-24.5784497980094
15.8625	-24.5896311562905
15.875	-24.6001780923721
15.8875	-24.6054834175763
15.9	-24.6251488261031
15.9125	-24.6368895886652
15.925	-24.6480053589775
15.9375	-24.6600487779339
15.95	-24.6720669007915
15.9625	-24.6705439320167
15.975	-24.6858262883124
15.9875	-24.6843286810976
16	-24.6993719051554
16.0125	-24.7312470104847
16.025	-24.7483906281722
16.0375	-24.7620343171071
16.05	-24.7890044727616
16.0625	-24.7846293865868
16.075	-24.7809270353907
16.0875	-24.7993018967599
16.1	-24.8096720189613
16.1125	-24.8248365278756
16.125	-24.8325261880447
16.1375	-24.8527085912461
16.15	-24.8751482255816
16.1625	-24.875435820429
16.175	-24.8884902525048
16.1875	-24.8952935493674
16.2	-24.9032604941973
16.2125	-24.9143189663037
16.225	-24.9309344746901
16.2375	-24.9441727041691
16.25	-24.9583252040974
16.2625	-24.9688199376846
16.275	-24.9851367988274
16.2875	-25.0011050775401
16.3	-25.016991598145
16.3125	-25.0465994221971
16.325	-25.0701677855691
16.3375	-25.0857203976368
16.35	-25.0911608559249
16.3625	-25.1141946884085
16.375	-25.1151490282206
16.3875	-25.1297512021017
16.4	-25.1389252194122
16.4125	-25.1560037391479
16.425	-25.1640947010909
16.4375	-25.1789460801669
16.45	-25.1934480929645
16.4625	-25.201259900627
16.475	-25.2148938213109
16.4875	-25.2166207931688
16.5	-25.2232294928745
16.5125	-25.2355185226257
16.525	-25.2390209705814
16.5375	-25.2367386360324
16.55	-25.2397060146803
16.5625	-25.2403505579777
16.575	-25.2502265249739
16.5875	-25.2583247874183
16.6	-25.2746653401839
16.6125	-25.2877250913436
16.625	-25.3250520484198
16.6375	-25.4030382919807
16.65	-25.478300045814
16.6625	-25.4818242679353
16.675	-25.527560635818
16.6875	-25.5531400142481
16.7	-25.5787595657573
16.7125	-25.6282693582771
16.725	-25.6910606913307
16.7375	-25.7863073901273
16.75	-25.8007088104086
16.7625	-25.8000595910348
16.775	-25.8143970069479
16.7875	-25.8520381640089
16.8	-25.8658673771389
16.8125	-25.8923393050761
16.825	-25.8936992535339
16.8375	-25.914231384921
16.85	-25.906033747635
16.8625	-25.9090156860972
16.875	-25.9267460590465
16.8875	-25.9417535832994
16.9	-25.9338225696881
16.9125	-25.9306616992707
16.925	-25.9363395593554
16.9375	-25.9268635686304
16.95	-25.9171166361013
16.9625	-25.9346633691255
16.975	-25.9517665488062
16.9875	-25.9495575495347
17	-25.9638243850697
17.0125	-25.9648840597154
17.025	-25.9588119853178
17.0375	-25.9870581204765
17.05	-26.0094480712577
17.0625	-26.0046623268243
17.075	-25.9991566815531
17.0875	-26.0128195804762
17.1	-26.0157999052726
17.1125	-26.0361126725063
17.125	-26.0479880131526
17.1375	-26.031621274686
17.15	-26.0249598754672
17.1625	-26.1024019749952
17.175	-26.0287104168643
17.1875	-26.0542551727488
17.2	-26.0230368087776
17.2125	-26.0304208087718
17.225	-25.9898776383223
17.2375	-25.9190281769814
17.25	-25.8753723909687
17.2625	-25.9365449102568
17.275	-25.9861446669609
17.2875	-25.9481999237698
17.3	-25.9331039107428
17.3125	-25.9085639285883
17.325	-25.9353197897864
17.3375	-25.9301637532187
17.35	-25.9641890631008
17.3625	-26.0166341433735
17.375	-26.0364523316726
17.3875	-26.0634815998685
17.4	-26.0787174157017
17.4125	-26.1123038108067
17.425	-26.1393304732762
17.4375	-26.1799629754329
17.45	-26.1831700373652
17.4625	-26.2340167802124
17.475	-26.2528884566276
17.4875	-26.263258472638
17.5	-26.2728041564244
17.5125	-26.2823917201103
17.525	-26.3014850068294
17.5375	-26.3054051441837
17.55	-26.3299663579794
17.5625	-26.358665938428
17.575	-26.3616146081224
17.5875	-26.3782354264601
17.6	-26.3975509491108
17.6125	-26.4158906119243
17.625	-26.4182264752179
17.6375	-26.4364381175802
17.65	-26.4427576144533
17.6625	-26.4490086234427
17.675	-26.4563937966098
17.6875	-26.4806659689385
17.7	-26.4932060451947
17.7125	-26.5020670758322
17.725	-26.5203604745981
17.7375	-26.5755539640241
17.75	-26.6242282825588
17.7625	-26.6910519983547
17.775	-26.7535939936656
17.7875	-26.7735620794463
17.8	-26.7847128701769
17.8125	-26.7964846963576
17.825	-26.7937385328
17.8375	-26.7900657204234
17.85	-26.8018181096177
17.8625	-26.8289374603095
17.875	-26.8565014821809
17.8875	-26.8984562645438
17.9	-26.9125136649695
17.9125	-26.9347017006546
17.925	-26.9322209750438
17.9375	-26.9412383485109
17.95	-26.9579006416312
17.9625	-26.9778693309536
17.975	-27.011696928026
17.9875	-27.032075691646
18	-27.0674847925933
18.0125	-27.0950483424134
18.025	-27.1145998267428
18.0375	-27.1389713387338
18.05	-27.1615384820521
18.0625	-27.1676942273346
18.075	-27.1984326999416
18.0875	-27.2371194243895
18.1	-27.2534277931145
18.1125	-27.2704807169227
18.125	-27.2614877220616
18.1375	-27.2559857512451
18.15	-27.2875570955431
18.1625	-27.2997187701193
18.175	-27.2893887160896
18.1875	-27.302624516632
18.2	-27.2942574528075
18.2125	-27.291768588017
18.225	-27.2937464682457
18.2375	-27.2955504183163
18.25	-27.2754056971041
18.2625	-27.2819940712174
18.275	-27.3072298605357
18.2875	-27.3257690184168
18.3	-27.3219012543362
18.3125	-27.3140596723943
18.325	-27.281036576167
18.3375	-27.3060527822419
18.35	-27.3139011727357
18.3625	-27.3177748643153
18.375	-27.2948890434681
18.3875	-27.3075896959668
18.4	-27.314885490691
18.4125	-27.3136817911588
18.425	-27.3148576642384
18.4375	-27.3186831307449
18.45	-27.3120807725447
18.4625	-27.3025130717238
18.475	-27.3097610317934
18.4875	-27.3042978489975
18.5	-27.3040399149177
18.5125	-27.2953904793539
18.525	-27.278850787709
18.5375	-27.2921803874522
18.55	-27.2656638090388
18.5625	-27.22344553295
18.575	-27.2668637544035
18.5875	-27.2280845314496
18.6	-27.2289820044886
18.6125	-27.1859972833743
18.625	-27.1722711875606
18.6375	-27.132267477373
18.65	-27.0632079856763
18.6625	-27.1363506854335
18.675	-27.0771165866946
18.6875	-26.9840027693615
18.7	-26.942547809075
18.7125	-27.0000822133148
18.725	-26.9598120013497
18.7375	-26.9725707660288
18.75	-27.0108260424436
18.7625	-27.0145501643617
18.775	-27.019695459414
18.7875	-27.0219944911049
18.8	-27.0344312713266
18.8125	-27.0418274122885
18.825	-27.0805451944856
18.8375	-27.1405865188316
18.85	-27.1858091981885
18.8625	-27.1896288484406
18.875	-27.2151177069891
18.8875	-27.2143932885447
18.9	-27.228658586475
18.9125	-27.2424553306499
18.925	-27.2440563011729
18.9375	-27.2464099928317
18.95	-27.2474405358428
18.9625	-27.2598082650926
18.975	-27.2437809014118
18.9875	-27.2399114995236
19	-27.2500590054491
19.0125	-27.2475797513774
19.025	-27.2372512110013
19.0375	-27.2624811797397
19.05	-27.2679967793654
19.0625	-27.2733846526978
19.075	-27.3021626104165
19.0875	-27.3081604923209
19.1	-27.2907250419169
19.1125	-27.288222977339
19.125	-27.2877254761572
19.1375	-27.2958322070648
19.15	-27.2928448709602
19.1625	-27.2862736307728
19.175	-27.3046267570764
19.1875	-27.3240543037836
19.2	-27.3296819812511
19.2125	-27.3241048531009
19.225	-27.3282081568943
19.2375	-27.3467310271473
19.25	-27.3609749272876
19.2625	-27.3775586060365
19.275	-27.4123635709943
19.2875	-27.4014575637448
19.3	-27.3883631336266
19.3125	-27.3821085419263
19.325	-27.3940648751641
19.3375	-27.4303151095542
19.35	-27.4516415615802
19.3625	-27.4526825402372
19.375	-27.4622775330682
19.3875	-27.466334676751
19.4	-27.4772743629483
19.4125	-27.4941655020195
19.425	-27.4992312420931
19.4375	-27.5025274242597
19.45	-27.5143636753318
19.4625	-27.5217784104618
19.475	-27.5260960086202
19.4875	-27.5351160430127
19.5	-27.5552334495625
19.5125	-27.5661882393445
19.525	-27.5685398965841
19.5375	-27.582786321529
19.55	-27.5863770807185
19.5625	-27.583535507869
19.575	-27.5942393627146
19.5875	-27.6126415450969
19.6	-27.6180483292816
19.6125	-27.6559807215193
19.625	-27.6774739325482
19.6375	-27.6908392593394
19.65	-27.6913380420084
19.6625	-27.7325639602236
19.675	-27.7464407584798
19.6875	-27.7438193209578
19.7	-27.7457116003476
19.7125	-27.7440768833245
19.725	-27.7758805418936
19.7375	-27.7684170119544
19.75	-27.7804496556301
19.7625	-27.7927097242423
19.775	-27.8066289237206
19.7875	-27.8029220219918
19.8	-27.8261961107747
19.8125	-27.8299442706945
19.825	-27.8253829780518
19.8375	-27.8260348889226
19.85	-27.8295733358358
19.8625	-27.8350659550461
19.875	-27.8312781791871
19.8875	-27.8348043159746
19.9	-27.8357277779948
19.9125	-27.8426000198954
19.925	-27.8511001844536
19.9375	-27.8560124891717
19.95	-27.8599324701548
19.9625	-27.8616563340823
19.975	-27.8826164174116
19.9875	-27.9118792035534
20	-27.9514479340982
20.0125	-27.9693277952312
20.025	-27.9897733145368
20.0375	-28.0208003016611
20.05	-28.0337647329272
20.0625	-28.0569155881601
20.075	-28.0734081385149
20.0875	-28.0742257905743
20.1	-28.0802638596882
20.1125	-28.0783998491277
20.125	-28.0747130615155
20.1375	-28.0814417514286
20.15	-28.1024680609142
20.1625	-28.1007812848037
20.175	-28.0959329999929
20.1875	-28.1035444557032
20.2	-28.1034243924636
20.2125	-28.1020523164217
20.225	-28.1015925487853
20.2375	-28.100674584451
20.25	-28.0932402710151
20.2625	-28.107347817365
20.275	-28.1216988323022
20.2875	-28.1220744517271
20.3	-28.1188821476006
20.3125	-28.1184379317305
20.325	-28.1195056316776
20.3375	-28.1255422895974
20.35	-28.1443185938687
20.3625	-28.1481304610694
20.375	-28.156024468111
20.3875	-28.1584814960691
20.4	-28.168029417569
20.4125	-28.1794087282555
20.425	-28.1907041826988
20.4375	-28.2143433778948
20.45	-28.2223877370863
20.4625	-28.2333191881445
20.475	-28.2517233724155
20.4875	-28.2600270294357
20.5	-28.2644274074307
20.5125	-28.2672618203639
20.525	-28.2892943235777
20.5375	-28.2964894868297
20.55	-28.3147074179983
20.5625	-28.3166471592233
20.575	-28.3242230100396
20.5875	-28.3260357882358
20.6	-28.3362380596702
20.6125	-28.3366087157145
20.625	-28.349065759785
20.6375	-28.365840972561
20.65	-28.37138281025
20.6625	-28.3750000164519
20.675	-28.3781688744134
20.6875	-28.3853105213459
20.7	-28.391568943086
20.7125	-28.3947509975604
20.725	-28.3951799308001
20.7375	-28.4026199685506
20.75	-28.3976962235635
20.7625	-28.3960134602232
20.775	-28.408561135346
20.7875	-28.4228628740396
20.8	-28.4418476876944
20.8125	-28.448892263863
20.825	-28.462045131588
20.8375	-28.4711584890394
20.85	-28.4823019775183
20.8625	-28.4818598786246
20.875	-28.4893956179176
20.8875	-28.5000615101807
20.9	-28.5116862269106
20.9125	-28.5109654990352
20.925	-28.5148861880659
20.9375	-28.518879956596
20.95	-28.5274065683354
20.9625	-28.5368946572737
20.975	-28.5487647658941
20.9875	-28.558761124961
21	-28.5733780876985
21.0125	-28.5876783479035
21.025	-28.5926535799911
21.0375	-28.6051625660423
21.05	-28.6178474261173
21.0625	-28.6178571600331
21.075	-28.6090434399656
21.0875	-28.6138136015817
21.1	-28.612107844902
21.1125	-28.6143830065032
21.125	-28.6181136162618
21.1375	-28.6318273139035
21.15	-28.6356043200733
21.1625	-28.6509893710486
21.175	-28.6657982551725
21.1875	-28.6810376800803
21.2	-28.6933664221544
21.2125	-28.7033054186006
21.225	-28.7185989349617
21.2375	-28.7244704378755
21.25	-28.7384393785793
21.2625	-28.7506477364375
21.275	-28.7558643661108
21.2875	-28.7503019001059
21.3	-28.7483985630307
21.3125	-28.7464886489672
21.325	-28.7456370614098
21.3375	-28.746625974521
21.35	-28.7516792451432
21.3625	-28.7499178157865
21.375	-28.7459629366918
21.3875	-28.7441071715204
21.4	-28.7464248052558
21.4125	-28.7470798219852
21.425	-28.7430376948371
21.4375	-28.7427454203264
21.45	-28.7429110939128
21.4625	-28.7439427643196
21.475	-28.7451420127886
21.4875	-28.7467385536307
21.5	-28.7487887156198
21.5125	-28.751513023562
21.525	-28.7528953652933
21.5375	-28.7541401579914
21.55	-28.7568476839853
21.5625	-28.7565655848842
21.575	-28.7588728761208
21.5875	-28.7586523628762
21.6	-28.7599960824991
21.6125	-28.7605232961091
21.625	-28.7640272981
21.6375	-28.7642192329155
21.65	-28.7675785926181
21.6625	-28.7670462522834
21.675	-28.7759063687095
21.6875	-28.7816870046367
21.7	-28.7827744244922
21.7125	-28.7832853242608
21.725	-28.7792120410924
21.7375	-28.7776199494391
21.75	-28.7810748826752
21.7625	-28.7887429105805
21.775	-28.790889670554
21.7875	-28.7898464655769
21.8	-28.7913858771336
21.8125	-28.7879526028412
21.825	-28.7913320239964
21.8375	-28.7902865754052
21.85	-28.7904674063011
21.8625	-28.7909306045474
21.875	-28.7923112494627
21.8875	-28.7928729344776
21.9	-28.7914908102048
21.9125	-28.7903295736359
21.925	-28.7874523722308
21.9375	-28.7818612364065
21.95	-28.7810490716209
21.9625	-28.7843607331622
21.975	-28.7862977069112
21.9875	-28.7921364596093
22	-28.8005235419419
22.0125	-28.8041935791743
22.025	-28.8081836796006
22.0375	-28.8070376382242
22.05	-28.8092433778519
22.0625	-28.8128065712331
22.075	-28.8133840192742
22.0875	-28.8144380488558
22.1	-28.8157687983052
22.1125	-28.816214338371
22.125	-28.8166635197199
22.1375	-28.8178583176244
22.15	-28.8212588084698
22.1625	-28.8205136860195
22.175	-28.8240342613596
22.1875	-28.8235193614758
22.2	-28.8234727882913
22.2125	-28.8245017353833
22.225	-28.8309288168928
22.2375	-28.8319707585193
22.25	-28.8339096755154
22.2625	-28.8374196188707
22.275	-28.8402558082199
22.2875	-28.8395332793126
22.3	-28.8429974134807
22.3125	-28.8470104406805
22.325	-28.8479785856594
22.3375	-28.8479323676441
22.35	-28.8462741418762
22.3625	-28.847178292334
22.375	-28.8494709212534
22.3875	-28.8487503247763
22.4	-28.8515003499334
22.4125	-28.8493102395298
22.425	-28.8508346940358
22.4375	-28.8510268627865
22.45	-28.8484471131439
22.4625	-28.8554853789676
22.475	-28.8580924299735
22.4875	-28.8587798335661
22.5	-28.8625283218814
22.5125	-28.8621821554539
22.525	-28.872322736411
22.5375	-28.8796840741678
22.55	-28.8867853044621
22.5625	-28.9001165506442
22.575	-28.9048217505654
22.5875	-28.9056296712557
22.6	-28.9039831658381
22.6125	-28.9076927549451
22.625	-28.9091215881981
22.6375	-28.9069271099105
22.65	-28.910148049521
22.6625	-28.9130900381765
22.675	-28.9142706272351
22.6875	-28.9136848421725
22.7	-28.913761746225
22.7125	-28.9100121059511
22.725	-28.9082358800587
22.7375	-28.9060830721486
22.75	-28.9076061133049
22.7625	-28.9075815201239
22.775	-28.9084968969755
22.7875	-28.9094936570387
22.8	-28.9133042690442
22.8125	-28.913359553649
22.825	-28.9127231602931
22.8375	-28.9144434513738
22.85	-28.9113367917135
22.8625	-28.913209681781
22.875	-28.9140991190351
22.8875	-28.9171598693032
22.9	-28.9185405462012
22.9125	-28.9306635822929
22.925	-28.9312056656337
22.9375	-28.9395170493674
22.95	-28.9415326141615
22.9625	-28.9383275644254
22.975	-28.9401026173026
22.9875	-28.9440153871539
23	-28.9483964373563
23.0125	-28.9482148617445
23.025	-28.9518649439078
23.0375	-28.9519263140974
23.05	-28.9555228551416
23.0625	-28.9596952758007
23.075	-28.9611447048824
23.0875	-28.9620454643227
23.1	-28.9618675791784
23.1125	-28.9615653198272
23.125	-28.9642027506982
23.1375	-28.9653481077877
23.15	-28.9683469540362
23.1625	-28.9686673903225
23.175	-28.9681730477241
23.1875	-28.9607164449972
23.2	-28.9606270538875
23.2125	-28.9657673226043
23.225	-28.9639116703379
23.2375	-28.9572682415959
23.25	-28.958056332541
23.2625	-28.9571784409715
23.275	-28.960368188989
23.2875	-28.9611158733725
23.3	-28.9597377028565
23.3125	-28.9626943287648
23.325	-28.9661573899698
23.3375	-28.974761586764
23.35	-28.9748068724116
23.3625	-28.9792108521432
23.375	-28.9814691382506
23.3875	-28.9787613494682
23.4	-28.9818726426101
23.4125	-28.9881719967388
23.425	-28.9850082861804
23.4375	-28.9852650239334
23.45	-28.9817415642072
23.4625	-28.9773163682297
23.475	-28.9833666776152
23.4875	-28.9898073888107
23.5	-28.9920698384645
23.5125	-28.9969526049863
23.525	-29.0059148512986
23.5375	-29.0187217556156
23.55	-29.0240215212084
23.5625	-29.0225513603527
23.575	-29.0238862795611
23.5875	-29.0248780596183
23.6	-29.0308556784362
23.6125	-29.0350267343988
23.625	-29.0442086294553
23.6375	-29.0572745154662
23.65	-29.0706883464368
23.6625	-29.077331231322
23.675	-29.0777423581513
23.6875	-29.0773105131862
23.7	-29.0745660417642
23.7125	-29.0759539762989
23.725	-29.0747277184709
23.7375	-29.0717658633225
23.75	-29.0754444953268
23.7625	-29.078224434529
23.775	-29.0878823496687
23.7875	-29.0934372723729
23.8	-29.0946006968667
23.8125	-29.0989290840636
23.825	-29.0988236126472
23.8375	-29.0920069515666
23.85	-29.0962038900046
23.8625	-29.0940667975987
23.875	-29.0956315442107
23.8875	-29.0976637446501
23.9	-29.0974698832114
23.9125	-29.0991424561608
23.925	-29.0992794988174
23.9375	-29.09730346776
23.95	-29.0976642152436
23.9625	-29.1001163925496
23.975	-29.100281922378
23.9875	-29.0990517891508
24	-29.098862058199
24.0125	-29.0982128224321
24.025	-29.1055113327001
24.0375	-29.1071435871392
24.05	-29.1110208280792
24.0625	-29.1142875732121
24.075	-29.128149129687
24.0875	-29.1331256753779
24.1	-29.1362872994174
24.1125	-29.1398749316544
24.125	-29.1427644145592
24.1375	-29.1457341300276
24.15	-29.1504953008908
24.1625	-29.1501858786009
24.175	-29.1508685191672
24.1875	-29.1560109335814
24.2	-29.1626818019543
24.2125	-29.1622564389714
24.225	-29.1586186616442
24.2375	-29.1624561290377
24.25	-29.1559029523744
24.2625	-29.162478689495
24.275	-29.171536864814
24.2875	-29.1777341756032
24.3	-29.1798711910367
24.3125	-29.1808203000856
24.325	-29.1829934630313
24.3375	-29.187285577133
24.35	-29.1906747479369
24.3625	-29.1908379198921
24.375	-29.1938213331034
24.3875	-29.1976122641876
24.4	-29.1978846660082
24.4125	-29.1955805484169
24.425	-29.2017426678334
24.4375	-29.2090366238956
24.45	-29.2174190208371
24.4625	-29.2244669957944
24.475	-29.2260456520978
24.4875	-29.2255964241575
24.5	-29.2205751305332
24.5125	-29.2201052372726
24.525	-29.2235188095943
24.5375	-29.2319203536323
24.55	-29.2362989677142
24.5625	-29.2383101308941
24.575	-29.2421395184061
24.5875	-29.24249335412
24.6	-29.24249335412
24.6125	-29.24249335412
24.625	-29.24249335412
24.6375	-29.24249335412
24.65	-29.24249335412
24.6625	-29.24249335412
24.675	-29.24249335412
24.6875	-29.24249335412
24.7	-29.24249335412
24.7125	-29.24249335412
24.725	-29.24249335412
24.7375	-29.24249335412
24.75	-29.24249335412
24.7625	-29.24249335412
24.775	-29.24249335412
24.7875	-29.24249335412
24.8	-29.24249335412
24.8125	-29.24249335412
24.825	-29.24249335412
24.8375	-29.24249335412
24.85	-29.24249335412
24.8625	-29.24249335412
24.875	-29.24249335412
24.8875	-29.24249335412
24.9	-29.24249335412
24.9125	-29.24249335412
24.925	-29.24249335412
24.9375	-29.24249335412
24.95	-29.24249335412
24.9625	-29.24249335412
24.975	-29.24249335412
24.9875	-29.24249335412
25	-29.24249335412
25.0125	-29.24249335412
25.025	-29.24249335412
25.0375	-29.24249335412
25.05	-29.24249335412
25.0625	-29.24249335412
25.075	-29.24249335412
25.0875	-29.24249335412
25.1	-29.24249335412
25.1125	-29.24249335412
25.125	-29.24249335412
25.1375	-29.24249335412
25.15	-29.24249335412
25.1625	-29.24249335412
25.175	-29.24249335412
25.1875	-29.24249335412
25.2	-29.24249335412
25.2125	-29.24249335412
25.225	-29.24249335412
25.2375	-29.24249335412
25.25	-29.24249335412
25.2625	-29.24249335412
25.275	-29.24249335412
25.2875	-29.24249335412
25.3	-29.24249335412
25.3125	-29.24249335412
25.325	-29.24249335412
25.3375	-29.24249335412
25.35	-29.24249335412
25.3625	-29.24249335412
25.375	-29.24249335412
25.3875	-29.24249335412
25.4	-29.24249335412
25.4125	-29.24249335412
25.425	-29.24249335412
25.4375	-29.24249335412
25.45	-29.24249335412
25.4625	-29.24249335412
25.475	-29.24249335412
25.4875	-29.24249335412
25.5	-29.24249335412
25.5125	-29.24249335412
25.525	-29.24249335412
25.5375	-29.24249335412
25.55	-29.24249335412
25.5625	-29.24249335412
25.575	-29.24249335412
25.5875	-29.24249335412
25.6	-29.24249335412
25.6125	-29.24249335412
25.625	-29.24249335412
25.6375	-29.24249335412
25.65	-29.24249335412
25.6625	-29.24249335412
25.675	-29.24249335412
25.6875	-29.24249335412
25.7	-29.24249335412
25.7125	-29.24249335412
25.725	-29.24249335412
25.7375	-29.24249335412
25.75	-29.24249335412
25.7625	-29.24249335412
25.775	-29.24249335412
25.7875	-29.24249335412
25.8	-29.24249335412
25.8125	-29.24249335412
25.825	-29.24249335412
25.8375	-29.24249335412
25.85	-29.24249335412
25.8625	-29.24249335412
25.875	-29.24249335412
25.8875	-29.24249335412
25.9	-29.24248807298
25.9125	-29.2424915020422
25.925	-29.243027472196
25.9375	-29.2462803859576
25.95	-29.2500258520532
25.9625	-29.2564066137452
25.975	-29.2557123372357
25.9875	-29.2548983249646
26	-29.2519958153512
26.0125	-29.2600456756606
26.025	-29.2646955163199
26.0375	-29.2696571341614
26.05	-29.2769507417051
26.0625	-29.2925717470137
26.075	-29.2896680267247
26.0875	-29.284732448781
26.1	-29.2852574525378
26.1125	-29.2907049808538
26.125	-29.2870289418407
26.1375	-29.2954250037942
26.15	-29.302483958327
26.1625	-29.2991573615182
26.175	-29.3092299692089
26.1875	-29.3156904335432
26.2	-29.3217476807405
26.2125	-29.3271446580885
26.225	-29.3352000540306
26.2375	-29.3365652884594
26.25	-29.339090718094
26.2625	-29.3488085899751
26.275	-29.3537121465813
26.2875	-29.3643118460014
26.3	-29.3849210407871
26.3125	-29.4128251472378
26.325	-29.4231694234218
26.3375	-29.420746195225
26.35	-29.42419150128
26.3625	-29.4252261619358
26.375	-29.4338265631776
26.3875	-29.4444469166634
26.4	-29.4584162020726
26.4125	-29.468306023145
26.425	-29.4761343127536
26.4375	-29.484704178208
26.45	-29.4983020294207
26.4625	-29.5003417866268
26.475	-29.5125438377176
26.4875	-29.5253105694497
26.5	-29.521206811294
26.5125	-29.5202759627615
26.525	-29.5423815138409
26.5375	-29.5509444877082
26.55	-29.5952496802558
26.5625	-29.5956403631172
26.575	-29.5970000945911
26.5875	-29.6009273886002
26.6	-29.5897528437474
26.6125	-29.5934293499662
26.625	-29.5970355323678
26.6375	-29.5897914969255
26.65	-29.611219424117
26.6625	-29.6038991832618
26.675	-29.6209510195804
26.6875	-29.6378626794074
26.7	-29.6466511734738
26.7125	-29.6453694531633
26.725	-29.6645375644826
26.7375	-29.6771473106334
26.75	-29.7044476363561
26.7625	-29.691931304114
26.775	-29.7072065323925
26.7875	-29.7115062663105
26.8	-29.7079102639841
26.8125	-29.7011586674349
26.825	-29.6956208907512
26.8375	-29.6942407046593
26.85	-29.6851829102018
26.8625	-29.6852848688076
26.875	-29.6974724117157
26.8875	-29.6984558997163
26.9	-29.6996122318491
26.9125	-29.6993013242522
26.925	-29.6951240228891
26.9375	-29.7005069609728
26.95	-29.7094491301093
26.9625	-29.7078237015802
26.975	-29.7002799583778
26.9875	-29.6908135432274
27	-29.6774468793227
27.0125	-29.664942581203
27.025	-29.6649242568603
27.0375	-29.6697680263079
27.05	-29.6870399120274
27.0625	-29.6930377686289
27.075	-29.6934370044466
27.0875	-29.6886771231615
27.1	-29.6968255710781
27.1125	-29.7016550164525
27.125	-29.6998307889608
27.1375	-29.6957442221939
27.15	-29.6996382964091
27.1625	-29.708042038074
27.175	-29.7050136101297
27.1875	-29.6976090083407
27.2	-29.7002306862323
27.2125	-29.6925490998885
27.225	-29.7089637314475
27.2375	-29.6961626401179
27.25	-29.6890701706049
27.2625	-29.6877579344788
27.275	-29.6779534795886
27.2875	-29.6648988663549
27.3	-29.664546796383
27.3125	-29.6650755247985
27.325	-29.6719341701
27.3375	-29.6669294043448
27.35	-29.6686845061402
27.3625	-29.6826043427987
27.375	-29.6927191069349
27.3875	-29.6896709994312
27.4	-29.6932902160448
27.4125	-29.7061948646936
27.425	-29.6990784163935
27.4375	-29.7013349496962
27.45	-29.706531939254
27.4625	-29.7101139992472
27.475	-29.6985266400516
27.4875	-29.6717237679746
27.5	-29.6758495753096
27.5125	-29.684315189851
27.525	-29.6805491785711
27.5375	-29.6841025646711
27.55	-29.6900572792547
27.5625	-29.6911963896921
27.575	-29.7064363355747
27.5875	-29.7138273454301
27.6	-29.7078001552563
27.6125	-29.7154091882858
27.625	-29.7307465032235
27.6375	-29.772902973395
27.65	-29.7892590314972
27.6625	-29.8108621637043
27.675	-29.8532996340913
27.6875	-29.8748736020889
27.7	-29.9105744604599
27.7125	-29.9648480018788
27.725	-29.9915381920765
27.7375	-30.0076716923248
27.75	-30.0232698216294
27.7625	-30.0525798274372
27.775	-30.0405338241336
27.7875	-30.0578117204775
27.8	-30.1192379051459
27.8125	-30.1317751756522
27.825	-30.14846217803
27.8375	-30.1502707062722
27.85	-30.1524268930529
27.8625	-30.1606524611512
27.875	-30.1529460596753
27.8875	-30.1555439281544
27.9	-30.1450094050222
27.9125	-30.1395338612966
27.925	-30.1377981830123
27.9375	-30.1389378381648
27.95	-30.146765643625
27.9625	-30.1388905470811
27.975	-30.1242541706144
27.9875	-30.0998921955438
28	-30.1118594866031
28.0125	-30.1088009078609
28.025	-30.1028726358691
28.0375	-30.1759940472639
28.05	-30.2260513354313
28.0625	-30.2562047192288
28.075	-30.2563119502145
28.0875	-30.2655689614412
28.1	-30.2575680983487
28.1125	-30.2709704447269
28.125	-30.2720252846945
28.1375	-30.2820326046371
28.15	-30.2903135822586
28.1625	-30.3013450705761
28.175	-30.2902302204667
28.1875	-30.2920528102451
28.2	-30.3039503650158
28.2125	-30.3042916150319
28.225	-30.2835544826931
28.2375	-30.2830323559477
28.25	-30.2891015126134
28.2625	-30.3034333180326
28.275	-30.3171592664657
28.2875	-30.3190035928125
28.3	-30.3233490613966
28.3125	-30.3213561435106
28.325	-30.3299487344929
28.3375	-30.3397088255412
28.35	-30.3398987081724
28.3625	-30.3535360544823
28.375	-30.3675616070751
28.3875	-30.3694792097038
28.4	-30.3760974955262
28.4125	-30.3647785005485
28.425	-30.3589757655411
28.4375	-30.3636913942904
28.45	-30.3578453029442
28.4625	-30.3349831364898
28.475	-30.3299328544524
28.4875	-30.3140866032949
28.5	-30.2969160981807
28.5125	-30.3063686829614
28.525	-30.2984942098473
28.5375	-30.2960498897714
28.55	-30.2974157832228
28.5625	-30.2956390427009
28.575	-30.2778417442511
28.5875	-30.2563116245765
28.6	-30.244372844991
28.6125	-30.226924099026
28.625	-30.2366544093149
28.6375	-30.2154244724295
28.65	-30.1966327624076
28.6625	-30.2465385141311
28.675	-30.2278413976644
28.6875	-30.2613520806
28.7	-30.2497006674488
28.7125	-30.2429535721163
28.725	-30.2463119331738
28.7375	-30.2477453162615
28.75	-30.2511837965515
28.7625	-30.2765985274076
28.775	-30.2814559065121
28.7875	-30.2828376512923
28.8	-30.2861925416711
28.8125	-30.288384463288
28.825	-30.2775059739271
28.8375	-30.2798496477439
28.85	-30.2718654214433
28.8625	-30.2950295422477
28.875	-30.3217438870781
28.8875	-30.3202147310961
28.9	-30.2851963060662
28.9125	-30.3101214508346
28.925	-30.3163733957778
28.9375	-30.3218700310495
28.95	-30.3185401184129
28.9625	-30.3171007386026
28.975	-30.3303601218324
28.9875	-30.3216598510682
29	-30.3023755164686
29.0125	-30.3031489751808
29.025	-30.3037258985118
29.0375	-30.3225146952005
29.05	-30.342128279956
29.0625	-30.3521177573461
29.075	-30.3447864863589
29.0875	-30.3398817413617
29.1	-30.3481316324153
29.1125	-30.3596030845376
29.125	-30.3589519501165
29.1375	-30.3721317442836
29.15	-30.3747057964049
29.1625	-30.3723997909611
29.175	-30.3574112310775
29.1875	-30.3715867545741
29.2	-30.3690017002298
29.2125	-30.3665007831017
29.225	-30.3738546128382
29.2375	-30.3766501450316
29.25	-30.3657233944704
29.2625	-30.3520792899754
29.275	-30.3748193301836
29.2875	-30.3876849463243
29.3	-30.3726404574261
29.3125	-30.3912068404823
29.325	-30.3868103620797
29.3375	-30.3779566403403
29.35	-30.3765484195581
29.3625	-30.3873736645466
29.375	-30.380099991105
29.3875	-30.3728954640938
29.4	-30.3842689866623
29.4125	-30.3722562290354
29.425	-30.3778342142838
29.4375	-30.3737136650367
29.45	-30.3840484053527
29.4625	-30.3802996501623
29.475	-30.3799302604161
29.4875	-30.363074672119
29.5	-30.3673393232631
29.5125	-30.4094596204062
29.525	-30.4221055144921
29.5375	-30.4706821152052
29.55	-30.4804681922096
29.5625	-30.4887405006286
29.575	-30.4836057818849
29.5875	-30.4837128926868
29.6	-30.5090109979308
29.6125	-30.5346304932108
29.625	-30.5587767048766
29.6375	-30.5625223871952
29.65	-30.5971873230561
29.6625	-30.6033425804963
29.675	-30.5956993078657
29.6875	-30.5795770821499
29.7	-30.5820968384679
29.7125	-30.5555844600803
29.725	-30.5422768254357
29.7375	-30.5562473725315
29.75	-30.5714609596473
29.7625	-30.5296676731381
29.775	-30.5055456084201
29.7875	-30.5040727662182
29.8	-30.48054368206
29.8125	-30.4947197575549
29.825	-30.4845899979169
29.8375	-30.4743562756698
29.85	-30.4994761066787
29.8625	-30.5244887100279
29.875	-30.4948434724958
29.8875	-30.4695125133572
29.9	-30.4767451889658
29.9125	-30.4960615727265
29.925	-30.4659841787753
29.9375	-30.4408239016095
29.95	-30.418381611564
29.9625	-30.4223333481003
29.975	-30.4306414320448
29.9875	-30.4863709291398
30	-30.4846493032052
