f	mic1_L1_mis	mic1_L1_stima	mic1_L2_mis	mic1_L2_stima	mic2_L1_mis	mic2_L1_stima	mic2_L2_mis	mic2_L2_stima
0.00	-4.678673	-37.302135	2.337670	3.004704	0.826136	8.298011	-3.994756	-17.856914
126.00	0.140929	0.858074	5.931249	7.384457	5.226243	5.234627	0.340819	1.203203
252.00	3.935141	4.077387	9.609555	7.660065	9.332258	8.376980	3.794268	4.255121
378.00	5.413515	5.634145	11.554818	12.061363	11.617085	10.407783	4.940729	4.432298
504.00	5.477410	6.011279	12.192987	13.532741	12.666796	14.771866	4.745446	5.256515
630.00	4.967164	4.567364	11.769135	12.713938	12.782355	14.513940	4.201574	4.042869
756.00	4.738777	4.870544	10.468371	12.117379	12.031602	13.551201	4.061598	4.235992
882.00	4.955078	5.646072	8.631866	11.113292	10.494759	11.742243	4.056388	4.643640
1008.00	4.976569	5.010955	7.592273	11.645264	8.486405	10.626582	3.782462	4.272518
1134.00	4.461111	5.370693	8.244629	10.296121	7.088853	9.227910	3.196784	3.617470
1260.00	3.879935	3.823833	9.391286	10.512017	7.547502	8.839560	2.661394	3.047710
1386.00	4.105879	5.022744	9.991453	11.878011	8.926491	10.082125	2.712439	3.062967
1512.00	4.999894	5.454060	9.827440	10.559873	9.997825	8.987958	3.446728	3.927468
1638.00	5.715128	6.570022	9.041953	7.969664	10.436934	10.640120	4.223084	4.869997
1764.00	5.920108	6.027709	8.072289	7.964030	10.277517	7.774656	4.447750	4.783362
1890.00	5.784923	7.097331	7.657838	7.716949	9.685745	12.904159	4.179553	5.060288
2016.00	5.623673	6.811908	8.055971	8.243482	8.931925	11.288455	4.052803	4.738433
2142.00	5.554990	6.484952	8.673879	9.938367	8.359853	11.874839	4.405848	4.826362
2268.00	5.455566	5.416895	8.939508	7.131006	8.165752	8.482858	4.687999	4.924987
2394.00	5.260153	4.828886	8.638436	10.798541	8.213002	13.109009	4.496913	4.959687
2520.00	5.118337	5.035159	7.785939	9.048682	8.219451	8.904585	4.203349	4.623306
2646.00	5.188058	5.780443	6.604836	6.406519	8.004554	8.768648	4.372813	4.701389
2772.00	5.384438	4.339381	5.608156	8.713806	7.556805	5.202582	4.742183	5.470300
2898.00	5.525115	2.552498	5.385827	9.079589	7.021134	4.994921	4.823279	5.060066
3024.00	5.571002	4.006081	5.925102	6.316865	6.605236	5.552949	4.778652	4.134402
3150.00	5.645252	3.383431	6.750876	7.935949	6.477056	3.911271	4.982275	4.226941
3276.00	5.753949	4.290599	7.556447	7.816214	6.567464	1.849161	5.179404	4.870033
3402.00	5.727939	5.110000	8.270078	8.055357	6.693898	6.050470	4.942958	4.393843
3528.00	5.432359	4.471971	8.866749	8.383249	6.759212	4.916010	4.499281	4.012888
3654.00	4.981601	4.201561	9.273134	9.129443	6.838992	5.968463	4.466056	3.949440
3780.00	4.706117	4.190186	9.390572	8.804560	7.115671	6.196707	4.678281	4.274371
3906.00	4.750579	4.641405	9.139183	8.775037	7.661221	7.293633	4.562544	4.459987
4032.00	4.865057	4.802000	8.577355	8.694999	8.311933	7.988939	4.391144	4.593935
4158.00	4.823110	4.827586	7.949672	8.859101	8.797124	9.481060	4.769000	4.839311
4284.00	4.722346	4.960706	7.677994	8.876641	8.907432	8.869719	5.275061	5.304661
4410.00	4.768346	5.140267	7.955876	7.977568	8.552272	7.754531	5.250212	5.485626
4536.00	4.883754	4.992049	8.469865	9.576027	7.803115	8.330732	4.938012	5.185309
4662.00	4.803586	5.169109	8.798348	9.422682	7.021400	6.894841	5.026244	5.242421
4788.00	4.498423	4.836926	8.761256	9.163782	6.876638	6.904807	5.306536	5.456412
4914.00	4.279867	4.565358	8.453652	9.489581	7.616967	8.637641	5.153165	5.549974
5040.00	4.372470	4.628070	8.188856	8.994797	8.671896	9.069410	4.748069	4.934036
5166.00	4.535022	4.579514	8.270834	8.544323	9.461953	9.053260	4.754984	5.065864
5292.00	4.499595	4.598759	8.645908	9.597081	9.761098	9.597421	5.035414	5.099938
5418.00	4.417001	4.647595	8.989649	9.374659	9.575399	9.433425	5.094349	5.440446
5544.00	4.614669	4.571359	9.073085	10.107687	9.073615	10.165978	5.126503	5.265634
5670.00	4.962015	5.281666	8.915168	9.860672	8.574213	9.289123	5.447778	5.520505
5796.00	5.071773	5.582665	8.756555	8.739134	8.436249	8.732954	5.746747	6.104780
5922.00	4.911762	5.326362	8.861917	9.297055	8.713324	9.464994	5.764407	6.079818
6048.00	4.910487	5.191231	9.224525	9.873094	9.126041	9.992136	5.784252	6.102204
6174.00	5.320989	5.593271	9.576272	10.444180	9.402440	10.304808	6.068732	6.269197
6300.00	5.764832	6.234726	9.674857	9.355190	9.468766	9.938675	6.453531	6.698352
6426.00	5.883413	6.134831	9.448362	10.112059	9.419535	9.533892	6.775405	7.111010
6552.00	5.816133	6.119499	9.001005	8.753786	9.410245	9.601785	6.976831	7.280870
6678.00	5.944690	6.213361	8.565132	9.408058	9.514157	9.489507	6.980057	7.138719
6804.00	6.268396	6.422327	8.363838	9.748119	9.655173	10.071686	6.985162	7.183686
6930.00	6.429336	6.738284	8.440330	8.754755	9.694190	9.960582	7.378178	7.607374
7056.00	6.295345	6.688170	8.682172	9.500490	9.560868	9.759930	7.857233	7.993785
7182.00	6.095793	6.366881	8.972346	9.850718	9.328523	10.075678	7.749696	7.960896
7308.00	6.029112	6.252895	9.242539	9.743455	9.194503	9.311683	7.127812	7.373599
7434.00	5.940982	6.193128	9.425298	9.805356	9.345514	9.263006	7.040940	7.433516
7560.00	5.663177	5.965752	9.436919	10.104754	9.764946	9.519897	7.695101	7.859818
7686.00	5.386816	5.897471	9.226660	8.892693	10.247784	11.038726	7.965036	8.084258
7812.00	5.382759	5.747233	8.847275	9.557065	10.593132	10.626112	7.572309	7.905548
7938.00	5.478079	5.868486	8.485407	8.972018	10.704555	11.085759	7.361447	7.536895
8064.00	5.360326	5.757589	8.370205	8.515934	10.581592	10.307504	7.694834	7.882493
8190.00	5.141118	5.624868	8.548831	10.135414	10.281512	10.187266	7.737366	7.927968
8316.00	5.201687	5.463349	8.844728	9.566578	9.904206	10.957444	7.257335	7.504729
8442.00	5.489265	5.743025	9.071209	9.845868	9.565499	10.350510	7.064237	7.352300
8568.00	5.593323	5.996614	9.179648	9.935585	9.371086	10.247183	7.396421	7.527637
8694.00	5.429354	5.628305	9.228403	9.681156	9.365747	9.323104	7.441669	7.695863
8820.00	5.325038	5.541465	9.261709	10.253070	9.492534	9.446098	7.051312	7.293525
8946.00	5.434262	5.825527	9.214645	9.442739	9.614029	9.010273	6.856400	7.057550
9072.00	5.428472	5.840143	8.955079	9.165541	9.578968	9.462088	6.880168	7.013522
9198.00	5.045439	5.310472	8.388346	9.340117	9.296223	9.209644	6.518743	6.844192
9324.00	4.488281	4.826769	7.578735	8.849272	8.789671	8.851544	5.942710	6.164721
9450.00	4.153754	4.413349	6.824699	7.639459	8.260934	8.375940	5.909778	6.086058
9576.00	3.975822	4.265725	6.556783	6.437063	8.052144	8.013154	6.101550	6.367222
9702.00	3.029954	4.070006	6.911721	7.116693	7.731695	9.096109	5.727656	6.006136
9828.00	3.341152	3.736377	7.586235	7.359162	9.049511	9.644313	4.992084	5.170741
9954.00	3.269782	3.652484	8.268524	8.521578	9.509228	10.116692	4.753371	5.050386
10080.00	3.536134	3.646296	8.825678	9.858399	9.643576	10.607747	4.937020	5.338054
10206.00	3.653328	3.827304	9.204961	10.427295	9.363740	9.723234	4.940137	5.121980
10332.00	3.506004	3.852711	9.342724	9.437874	8.791971	9.183359	4.877061	5.058885
10458.00	3.364299	3.759310	9.161909	10.008929	8.214920	8.729242	4.990892	5.399875
10584.00	3.373722	3.694985	8.628094	9.428405	7.958622	8.954125	5.011419	5.268158
10710.00	3.357847	3.601546	7.821511	8.009132	8.064085	8.732188	4.738784	4.981554
10836.00	3.249843	3.542644	7.015146	7.534592	8.227964	8.464802	4.382916	4.665264
10962.00	3.255060	3.683337	6.558727	7.741121	8.121798	8.391368	4.134210	4.345940
11088.00	3.465360	3.734308	6.505708	6.738571	7.590015	7.675717	3.982983	4.337057
11214.00	3.696037	3.910698	6.525362	7.333146	6.679754	6.901007	3.936568	4.196157
11340.00	3.829687	4.214998	6.300834	7.150369	5.700367	6.272604	3.886874	4.055281
11466.00	3.918615	4.287655	5.782623	6.460129	5.171705	5.631341	3.683518	4.009853
11592.00	3.949574	4.391026	5.212829	5.859511	5.334589	5.547269	3.598596	3.888570
11718.00	3.819238	4.001080	4.938866	5.426935	5.847812	5.575286	3.949245	4.135411
11844.00	3.579149	3.850947	5.027050	5.582297	6.292492	6.792600	4.311306	4.525725
11970.00	3.459967	3.830059	5.198539	5.156116	6.502778	6.899833	4.239232	4.635233
12096.00	3.507378	3.810998	5.212330	6.099379	6.485818	6.765443	3.986174	4.281354
12222.00	3.506523	3.731480	5.051929	6.484118	6.297530	7.123672	3.984230	4.063803
12348.00	3.393582	3.648118	4.861395	6.216149	5.953244	6.187451	4.009524	4.185083
12474.00	3.357243	3.706874	4.732242	4.941512	5.427370	5.144979	3.763960	4.139572
12600.00	3.439969	3.804488	4.600243	5.429705	4.718894	4.374404	3.568368	3.808315
12726.00	3.421933	3.732716	4.348784	4.381595	3.956448	4.064633	3.738394	4.090722
12852.00	3.264594	3.715293	3.990894	4.709946	3.445464	3.715923	3.984687	4.313106
12978.00	3.261057	3.675791	3.699531	4.290191	3.431806	4.244001	4.127328	4.472317
13104.00	3.515795	3.873162	3.584863	4.511724	3.770643	4.533847	4.354142	4.651522
13230.00	3.696732	4.047642	3.466805	4.275528	4.074102	4.695615	4.645330	4.953519
13356.00	3.612231	3.969519	2.980436	3.437390	4.057930	4.185361	4.762911	5.164450
13482.00	3.529678	3.836592	1.856761	2.265180	3.630595	3.658558	4.690506	4.959129
13608.00	3.727916	4.092047	0.178808	1.027348	2.888976	3.505964	4.565754	4.812285
13734.00	3.971647	4.321895	-1.047226	-0.280331	2.114708	2.687358	4.413403	4.772289
13860.00	3.925663	4.401416	-0.478977	0.514264	1.641220	1.500363	4.258501	4.653594
13986.00	3.682942	4.077444	0.903768	0.860437	1.547440	1.872946	4.189949	4.447738
14112.00	3.612441	4.021365	1.758380	2.655220	1.591201	1.641059	4.119844	4.487028
14238.00	3.757803	4.140082	1.756350	2.491113	1.537412	2.656125	3.935987	4.401324
14364.00	3.816483	4.280450	1.075695	2.699477	1.354459	1.742330	3.860692	4.209601
14490.00	3.705737	4.163942	0.309181	1.638468	1.175572	2.049623	4.065620	4.418301
14616.00	3.649500	4.061900	0.206973	0.484956	1.145160	2.413442	4.205249	4.640712
14742.00	3.749289	4.112823	0.698324	1.647261	1.252933	0.620672	4.035516	4.333964
14868.00	3.829351	4.180730	1.034586	1.850725	1.341328	0.965249	3.916912	4.221917
14994.00	3.806777	4.061798	0.740663	1.410774	1.248673	1.915593	4.193783	4.385730
15120.00	3.812001	4.073605	-0.280798	2.210756	0.910042	0.502523	4.512351	4.844442
15246.00	3.889992	3.960903	-1.786025	-0.220294	0.353861	1.479780	4.508788	4.574211
15372.00	3.912293	3.921880	-3.075983	-3.364792	-0.349068	3.442110	4.282222	4.279579
15498.00	3.876684	4.132034	-3.466722	-7.721009	-1.166573	1.179994	4.012047	4.121982
15624.00	3.943177	4.175508	-3.261566	-4.169751	-2.130890	-1.319678	3.679313	3.906788
15750.00	4.038841	4.321659	-3.168256	-4.594562	-3.259946	-1.991796	3.368013	3.304244
15876.00	3.803204	4.065214	-3.393727	-0.336789	-4.385484	-10.663346	3.356314	2.965521
16002.00	3.072383	3.535089	-3.721453	0.039374	-5.010386	-7.133272	3.518524	3.640114
16128.00	2.300847	2.729486	-3.946020	-1.356751	-4.760164	-6.653005	3.493674	3.696876
16254.00	2.250718	2.508884	-4.017052	-2.724964	-3.957373	-3.295255	3.288557	3.599416
16380.00	2.704693	2.945045	-3.954474	-3.537646	-3.198924	-1.538661	3.081100	3.517712
16506.00	2.909611	3.240050	-3.622703	-2.279066	-2.701989	-0.767052	2.771820	2.697303
16632.00	2.705312	2.982282	-2.970557	-5.370410	-2.388682	2.429610	2.255219	2.311882
16758.00	2.444511	2.800641	-2.278858	-4.298836	-2.102601	-1.112922	1.800249	2.149991
16884.00	2.353847	2.698474	-1.893894	-1.168006	-1.810224	-2.106360	1.539479	2.047205
17010.00	2.226343	2.613606	-1.994027	0.017753	-1.658293	-4.089009	1.179876	1.885864
17136.00	1.907440	2.419089	-2.507384	1.434700	-1.840106	-1.338229	0.821267	1.780909
17262.00	1.586968	2.008149	-3.085695	-0.594397	-2.486359	-2.271420	0.957041	1.136331
17388.00	1.438929	1.664690	-3.329908	2.686524	-3.579126	-1.146657	1.251085	1.620110
17514.00	1.308603	1.603187	-3.319705	3.078859	-4.800919	-0.439549	1.058398	1.966376
17640.00	1.047484	1.410713	-3.530965	-2.469034	-5.493691	-4.076382	0.611501	1.206831
17766.00	0.783377	1.156402	-4.260945	-3.651462	-5.376696	-2.118802	0.585695	1.026804
17892.00	0.639791	0.944931	-5.229769	-5.294431	-5.006999	-1.763669	0.675994	1.920298
18018.00	0.484359	0.694672	-5.426991	-6.654113	-4.944449	-1.007117	0.216914	0.590641
18144.00	0.208250	0.225294	-4.449985	-4.840491	-5.304160	0.469357	-0.526932	-1.299954
18270.00	-0.062635	0.110170	-3.297232	-9.695077	-5.827532	-5.931307	-0.805703	-0.762100
18396.00	-0.231514	0.074297	-2.744408	-5.110952	-6.071256	-8.272505	-0.923995	-0.533730
18522.00	-0.436728	-0.366670	-2.975380	-2.876401	-5.880784	-14.850366	-1.524300	-2.506493
18648.00	-0.752385	-0.609938	-3.886804	-5.635081	-5.549664	-15.075022	-2.179913	-6.214496
18774.00	-0.980470	-2.238314	-5.067663	5.529241	-5.425684	-0.581682	-2.176380	-4.323388
18900.00	-0.984281	-2.338449	-5.819470	4.015340	-5.566137	2.446323	-2.059602	-5.673600
19026.00	-0.950209	-1.819958	-5.818582	3.299185	-5.727676	3.504857	-2.353335	-4.547112
19152.00	-1.021245	-1.656556	-5.478345	2.838657	-5.629693	4.667856	-2.548913	-9.882088
19278.00	-1.072674	-1.680564	-5.217826	4.862980	-5.292429	6.693886	-2.239162	-10.896107
19404.00	-1.016759	-0.872361	-5.087766	4.067176	-5.011318	4.551142	-1.983736	-9.077736
19530.00	-1.026600	-0.988603	-5.058021	1.932626	-5.076748	4.621569	-2.157735	-11.830096
19656.00	-1.238965	-2.916828	-5.196071	1.379399	-5.601387	0.714651	-2.454279	-13.472728
19782.00	-1.498687	-6.213667	-5.627240	2.531485	-6.519219	-0.629248	-2.467181	-11.356430
19908.00	-1.564929	-8.569196	-6.353763	1.437313	-7.539471	1.716387	-2.258495	-8.469574
20034.00	-1.470947	-12.165238	-7.018716	-3.074681	-8.217355	-1.023524	-2.062297	-12.169935
20160.00	-1.373836	-17.274996	-7.032738	-7.712581	-8.406184	-6.812855	-1.943529	-20.063033
20286.00	-1.244661	-27.526972	-6.346328	-16.521991	-8.455691	-17.213446	-1.854205	-26.039436
20412.00	-0.984208	-31.447501	-5.592437	-18.445184	-8.723280	-32.665344	-1.727822	-28.940514
20538.00	-0.695285	-39.071814	-5.268578	-21.977411	-9.220794	-26.255380	-1.554432	-29.394085
20664.00	-0.520038	-27.505807	-5.507258	-24.279001	-9.688526	-19.380496	-1.416466	-25.807724
20790.00	-0.445496	-24.053568	-6.357962	-16.313929	-9.641078	-22.122374	-1.425657	-23.714343
20916.00	-0.268219	-17.444688	-7.383152	-16.865504	-9.224611	-16.057334	-1.513240	-19.989265
21042.00	0.102165	-20.330851	-7.417623	-15.650552	-8.729703	-11.883138	-1.618666	-22.761107
21168.00	0.519408	-29.102274	-7.503671	-20.130172	-7.837033	-19.843165	-1.742207	-31.493274
21294.00	0.753279	-21.861985	-8.840309	-18.781171	-7.660684	-13.881399	-2.008284	-25.881014
21420.00	0.754246	-18.013399	-7.998199	-10.395451	-7.901517	-18.303078	-2.157878	-22.641164
21546.00	0.573487	-23.121255	-13.048444	-13.090813	-9.682774	-23.706684	-2.342284	-30.282903
21672.00	0.425179	-14.693560	-9.389023	-4.117917	-11.195766	-10.533526	-2.479059	-19.427141
21798.00	0.268671	-13.637392	-12.761366	-2.650790	-13.869554	-5.631468	-3.098861	-17.354820
21924.00	-0.039074	-19.336802	-7.699013	-4.286711	-19.634201	-3.068191	-3.110361	-19.067867
22050.00	0.270360	-29.800789	-12.772331	-10.467210	-30.032312	-1.738656	-3.429129	-18.345067
